# Relative Pressure (p/p0)    Quantity Adsorbed
-0.0002194791407253982	 85.89178286404638
-0.0006767818771656	74.30240924684699
0.0003338571703673	63.12903461863232
0.0026142734827497	103.63117419076264
0.0540186578577034	260.9983982569651
0.0919133031699067	276.516964828367
0.0984867759491606	269.6404037093515
0.1115991697453594	275.6043580566222
0.1294624308590217	277.272288002708
0.1487034434947486	278.97289225213206
0.1670893000133316	281.9223914157495
0.2036166827313144	285.42109917255567
0.2235296037447964	287.2914404506289
0.274838970773401	296.032577077801
0.2936524053505559	292.56370834410706
0.3128934179862824	295.8863108170761
0.3301390663486746	297.23735964030584
0.3544906548273295	296.29554307028184
0.3748067208674653	301.1330030320533
0.3929455322855403	305.4039158482301
0.39558701451405	296.7511057287349
0.4121984220895606	307.349801098307
0.4102386893211068	300.86806794934296
0.4304773840935011	305.74517544321526
0.4495608679708064	307.948481656151
0.465367753672952	303.5946845822492
0.469244461404002	309.7165416655385
0.486591914066054	308.82627534423074
0.5057311224021207	306.88962158438403
0.5245445569792756	309.7641101817595
0.5420277487075408	311.5901626270379
0.5637677175522532	311.35134680902
0.5809848607107405	313.229817800508
0.6186117298650505	314.94588624497175
0.6368265551602049	316.31313603375946
0.6569512291169798	315.09415506332755
0.6750520335965152	317.357240870111
0.6943685011837545	320.1895750107819
0.7103984864384426	324.0192756314398
0.7138629650668701	318.42448014974485
0.7310647592694085	321.5206199991409
0.750305771905135	324.395996854271
0.7694449802412017	323.636057192599
0.7877426063667464	326.07796177275856
0.8070881380834575	325.1105149034836
0.8255595102137548	328.2923686649267
0.8442779274445605	331.14789433187025
0.8652631870811273	331.9266395148453
0.8819998139452198	336.0817070238555
0.9008132485223748	341.026365632995
0.9196266830995296	345.3724807976454
0.9392097581821138	354.11205927038674
0.930743712622394	343.4728930340603
0.9522936467744078	351.28635718318867
0.9699953783992764	375.4794534362576
0.9771553673437224	390.0305294683856
0.9794876112995682	399.6640237316318
0.001559714795009	182.5029419770085
0.001559714795009	169.40413958179897
-0.0040106951871656	136.66463863716416
-0.0021538918597741	146.9540531236991
0.001559714795009	225.54186413269716
-0.0021538918597741	194.6711189919626
0.001559714795009	201.2155168273079
0.001559714795009	201.2155168273079
