# Relative Pressure (p/p0)    Quantity Adsorbed
0.9819518716577537	 400.1191800890198
0.9466726084373142	364.6128198149156
0.8965389185977418	343.16090412757376
0.8464052287581697	336.67904832047134
0.7999851455733807	332.9990753786545
0.7442810457516337	325.5890958724263
0.6941473559120618	325.6566412629287
0.6421568627450979	323.8554308495309
0.6050207961972668	319.2273207595504
0.5493166963755197	320.23799993595696
0.5028966131907308	315.6223982516251
0.450906120023767	312.8855590957123
0.4026292335115863	311.07934532005504
0.348781937017231	309.280636587787
0.3005050505050505	302.7962790995549
0.2559417706476529	300.0494332191232
0.2002376708259061	295.44633994043994
0.1501039809863339	292.70699910339744
0.0999702911467617	286.2251432962951
0.0516934046345811	271.32012712542826
0.0071301247771836	247.0538201671523
0.0052733214497922	233.95751945307245
