# Relative Pressure (p/p0)    Quantity Adsorbed
-0.0007987220447284171	 2.529728201594253
-0.0030173943911964	81.7112328670305
-0.0007987220447284	128.22103036348472
-0.0030173943911964	145.8137969695947
-0.0007987220447284	154.61620381748173
-0.0007987220447284	223.74642000652156
0.0014199503017393	248.88869613545427
0.008075967341143	266.4975255277829
0.0102946396876109	282.84141050538346
0.0435747248846291	318.09521055903315
0.0724174653887114	325.6888927439575
0.0968228611998579	332.0176305141537
0.1190095846645367	333.3147005013195
0.1478523251686191	338.3945566430061
0.1700390486332977	339.69162663017204
0.2011004614838482	344.77549846841333
0.2454739084132055	346.112725421126
0.2654419595314164	348.6626927333561
0.2920660276890309	352.4816201568692
0.325346112886049	352.54185560518954
0.4274050408235711	357.7542297331811
0.5205892793752219	361.69362805333486
0.6204295349662762	366.90198648477167
0.7247071352502662	368.3476372444612
0.8223287184948528	369.78124091448655
0.9266063187788428	374.99763073903273
0.9909478168264112	378.8848250039756
