# Relative Pressure (p/p0)    Quantity Adsorbed
0.9659542848457726	 358.70268261996637
0.9569784427800624	356.8163203269469
0.926411605265602	355.8486519349144
0.9066275996588674	355.83007540382835
0.8742537723023921	355.7996774438692
0.8490741288029114	355.7760345861232
0.8203058372526998	354.81005496964417
0.8023288214879801	353.8542080064848
0.7717535400957535	353.8254988220789
0.7483724425605215	353.8035447398862
0.7213942530967922	353.7782131065869
0.6980131555615602	353.75625902439424
0.6710349660978306	353.7309273910949
0.6602436903123391	353.72079473777524
0.6494524145268473	353.7106620844555
0.6404596847056042	353.7022182066892
0.622474225063118	353.68533045115635
0.5973030254414037	352.72272838578385
0.5757120299926538	353.6414222867709
0.5667193001714107	353.6329784090044
0.5595251163144163	353.6262233067913
0.5487338405289245	353.6160906534716
0.5271512889579409	353.59582534683216
0.519965548978713	352.6501110369926
0.5037786353004753	352.634912057013
0.4768088897145125	351.6706212160872
0.448023710408768	352.5825600148612
0.3958658774455582	352.533585523816
0.350910672217109	351.5524069273572
0.2951641912031681	350.5610956775789
0.2429979143621916	351.45108039416016
0.2232307965109896	349.5545854478209
0.1998581428535241	348.5936721580017
0.1692828614612974	348.5649629735959
0.1494988558545628	348.54638644250974
0.1243445439883812	345.70586596188434
0.0955678085604033	345.6788455530318
0.0794146703932314	341.9078097425461
0.059639108664263	340.9502740038336
0.0398719908130611	339.05377905749435
0.0345016845536144	336.231835107955
0.0237526281569548	331.5269064165027
0.0165753320554932	329.64223289903657
