# Relative Pressure (p/p0)    Quantity Adsorbed
0.9779959031968043	 10.63426299252012
0.8649051339802948	7.603370130411747
0.7672584786215463	4.105330478547387
0.6618028714697514	4.219336540333131
0.5640751142377817	3.874537719322575
0.489507734801509	3.0542502015960054
0.489507734801509	3.0542502015960054
0.3917799775695391	2.709451380585506
0.2683313405444487	2.3924589161081826
0.1731756712917908	2.04487945944436
0.0908920279175821	1.23293384867776
0.0317224184115156	1.747351444540186
