# Relative Pressure (p/p0)    Quantity Adsorbed
0.9850491289245698	 639.6633283325898
0.9614848153103835	639.5592588087418
0.9229250293962614	639.388963224263
0.9015231993945044	633.7739393693656
0.8736812228844826	631.8108097149575
0.847988214464312	628.0170025274026
0.824437416372704	624.2326562056521
0.8008798605198066	622.2884482828528
0.7473516333509032	614.6913730419385
0.7002432794063982	608.9628187973888
0.6488437470434794	605.0554812201813
0.5995729094865452	604.8378813066806
0.5503088296908998	602.7801429942288
0.4989025395666921	600.7129438159725
0.4539296381894606	596.8339888361783
0.3532525105083186	594.5491897444214
0.3039884307126732	592.4914514319696
0.2482977199313412	590.4053305221046
0.1861803781643215	588.2908270148265
0.1711984213869628	584.5443241562934
0.1583451594155888	584.4875589614672
0.1219478571138952	578.8063090459392
0.1005325115895605	576.8715619889442
0.0598575463920311	569.3312519428564
0.0256227277027665	558.1390476962791
0.0064104123585937	539.6525159145278
-0.002097609104056	523.0534268607496
-0.0042060306261741	513.8432740001892
-0.0041789995810188	506.48272040438445
-0.0041384530132857	495.4418900106773
-0.0040911486842638	482.5609212180189
-0.0040573598778196	473.3602292232629
-0.0061725391612266	465.9902147616537
-0.0082809606833448	456.78006190109335
-0.0082674451607671	453.09978510319104
-0.0082471718769007	447.5793699063374
-0.0082268985930341	442.0589547094838
-0.0081998675478788	434.6984011136791
-0.0081593209801457	423.657570719972
-0.0059765640838502	412.6262011920692
-0.0059630485612726	408.9459243941668
-0.0059495330386949	405.26564759626433
-0.0059292597548283	399.7452323994109
-0.0058819554258064	386.8642636067524
-0.0058684399032288	383.18398680885
-0.0058346510967846	373.98329481409405
-0.0057873467677627	361.1023260214357
-0.0057197691548743	342.7009420319238
-0.0056521915419859	324.29955804241183
-0.0055170363162091	287.49679006338795
-0.0032126397167145	243.3429293543636
-0.0030436956844935	197.33946938058372
-0.0028409628458284	142.1353174120477
-0.0047939558583032	90.60198137560997
-0.0002121937044695	9.654813553366123
