# Relative Pressure (p/p0)    Quantity Adsorbed
0.8725599199039731	 175.41892766465872
0.8473916242124535	168.72703738736487
0.8473916242124535	168.72703738736487
0.8280479912381142	165.1266988599591
0.8029018215208288	160.49783442027172
0.771975241034832	156.90346990590928
0.7487706255566062	153.30512271618448
0.7255770730654982	150.7382884452631
0.6985336010576215	149.2049584308259
0.6753289855793962	145.60661124110112
0.6483021080521951	145.62055060486875
0.6231780643091438	143.05471200278782
0.5980761465403273	142.5518992383133
0.5768130853011622	139.98406929855128
0.5459196937765165	139.48424354059836
0.5265981867764113	137.946930850799
0.4995602462620934	136.9293572957634
0.4744472655061591	135.3950316124857
0.4473982620047239	133.34594513864687
0.4222908127423483	132.32737591477076
0.3991138547319162	131.307811022054
0.3720759142175978	130.29023746701847
0.3218499527057299	127.22158610046296
0.3218499527057299	127.22158610046296
0.3508239159655497	128.75392044605957
0.2967480349369131	126.71877333598844
0.2735710769264807	125.69920844327174
0.2214201556562287	123.14730920495845
0.2214201556562287	123.14730920495845
0.2484470331834298	123.1333698411908
0.202093117162565	121.09424005575744
0.167322148653358	119.0491362572809
0.1499200699180785	116.47931497983768
0.1228876608973188	115.97749788420369
0.0977636171542678	113.41165928212274
0.0726395734112167	110.84582068004192
0.0455739754291055	107.24946482799815
0.0242721937350304	101.07133967242498
0.0203835537633516	98.49454871309808
0.0087508228096668	93.8587145915269
0.0009846058534264	89.73664559167617
