# Relative Pressure (p/p0)    Quantity Adsorbed
0.9775646167746074	 267.6337721335144
0.9667733409891158	267.6236394801947
0.9451907894181324	267.60337417355527
0.6232510618176291	267.3010833495173
0.5692777951346376	269.12833849817184
0.5225240439419397	268.1454711261597
0.4739717467849936	267.16091497859475
0.4182168218932863	267.1085629364429
0.3696645247363399	266.1240067888775
0.3354921514156161	266.0919200533652
0.3229023296658758	266.08009862449217
0.312111053880384	266.06996597117245
0.2815357724881574	266.0412567867665
0.2725514865446808	265.093853701374
0.2599616647949403	265.0820322725008
0.2365805672597082	265.0600781903081
0.2006180918525023	264.0873434716159
0.1844480659297976	262.1942260763833
0.1646640603230628	262.1756495452971
0.1377027586148664	260.2723994967448
0.1125231151153856	260.2487566389989
0.0909658951777014	257.4116137094797
0.0801746193922097	257.40148105616004
0.0622060475052563	255.5066748853744
0.0550371952815611	252.68304216028173
0.0478430114245667	252.6762870580685
0.0281350007177297	244.20707765834368
0.0173943881988365	238.5631897592648
-0.0005319642992847	231.97358755034656
0.0049143368600595	226.34489863124736
0.0032171174290082	215.075699364176
0.0033184439622052	203.8081888726579
-0.0001266581664962	186.9035455842743
1.1102230246251563e-16	172.81915746987647
0.0019167602529787	159.6754173386587
0.002043418419475	145.59102922426086
0.0021869643415043	129.62872269461013
0.0023136225080007	115.54433458021254
0.0024825000633291	96.76515042768231
0.0026598214964241	77.04700706752578
0.0027611480296212	65.77949657600766
0.0029131378294169	48.87823083873036
0.0030735715069789	31.038005893826494
0.0014101275869931	16.01296979624931
