# Relative Pressure (p/p0)    Quantity Adsorbed
0.00512820512820511	 34.976223776223605
0.0051282051282051	61.15804195804185
0.0102564102564102	81.53659673659672
0.0153846153846153	107.73333333333312
0.0179487179487178	133.92261072261067
0.0256410256410255	151.39953379953386
0.0333333333333332	165.96736596736582
0.0384615384615383	165.9822843822842
0.0487179487179489	168.9212121212122
0.0615384615384617	171.86759906759903
0.0974358974358975	189.4265734265732
0.1256410256410256	192.4177156177157
0.1666666666666665	195.4461538461537
0.1974358974358976	198.44475524475524
0.217948717948718	198.5044289044288
0.2564102564102564	204.43449883449875
0.2871794871794875	204.52400932400903
0.3179487179487181	204.6135198135196
0.3538461538461539	207.6270396270395
0.3743589743589743	207.68671328671329
0.4128205128205131	213.616783216783
0.4410256410256412	213.6988344988345
0.4794871794871795	216.71981351981344
0.5051282051282056	216.7944055944056
0.548717948717949	219.83030303030276
0.571794871794872	216.9883449883448
0.6051282051282056	217.08531468531464
0.6384615384615389	217.18228438228425
0.6692307692307695	217.2717948717948
0.7000000000000006	217.3613053613053
0.7333333333333334	217.4582750582749
0.7692307692307696	217.56270396270384
0.78974358974359	220.5314685314684
0.8205128205128207	223.5300699300701
0.8512820512820518	223.6195804195804
0.8794871794871799	223.70163170163187
0.9051282051282056	229.5944055944053
0.935897435897436	226.77482517482508
0.97948717948718	223.9925407925409
1.002564102564103	229.8778554778553
