# Relative Pressure (p/p0)    Quantity Adsorbed
0.9208664898320069	 102.75538163895962
0.819186560565871	102.39317698348084
0.7263483642793989	102.02659523246751
0.6224580017683468	101.25294359674692
0.5229885057471264	100.8896446673845
0.4213085764809903	100.11489875778028
0.3218390804597699	98.92651732016702
0.226790450928382	98.56102984303736
0.1229000884173299	96.5497544449405
0.0234305923961097	89.99833670369688
0.0212201591511936	89.17434846932969
0.0212201591511936	88.34926596107886
0.0212201591511936	87.93672470695346
0.0212201591511936	86.69910094457721
0.0167992926613617	85.46366572996823
0.0123784261715296	84.64077176948464
0.0123784261715296	83.40314800710837
0.0057471264367816	80.51864204988135
0.0057471264367816	78.4559357792543
0.0035366931918656	68.96858120825345
