# Relative Pressure (p/p0)    Quantity Adsorbed
0.9742619604719471	 118.11719022253203
0.9491047277675444	112.45681286404135
0.9220335982918748	108.34470055259612
0.9046481140372712	107.32214865335789
0.8679521857696795	105.79379698312334
0.8486306787695745	104.25648429332388
0.8235176980136405	102.72215861004622
0.8003407400032083	101.7025937173296
0.7752388222343913	101.199780952855
0.7520618642239589	100.18021606013838
0.7250294552031993	99.67839896450435
0.7018580286863256	99.1745905311892
0.6748200881720074	98.15701697615371
0.6516431301615748	97.1374520834371
0.6246162526343737	97.15139144720467
0.6014448261174998	96.64758301388952
0.5724653313641215	94.59949220889132
0.5531604188446921	94.60944889729672
0.5280640325694341	94.62239259222385
0.4991066637902901	94.63732762483198
0.4739936830343561	93.10300194155424
0.4527582792629838	93.1139542988002
0.4237953789902811	92.61313287200676
0.4006294839669657	92.6250808980932
0.3735915434526478	91.6075073430577
0.3542866309332182	91.6174640314631
0.3272486904189	90.5998904764275
0.298291321639756	90.61482550903564
0.277039323387708	89.07850848807686
0.2480874861021225	89.6091999800866
0.1978725875773717	87.57206153233437
0.1978725875773717	87.57206153233437
0.2287659791020175	88.07188729028724
0.1766261208188821	86.55150097077717
0.1341553132761377	86.57340568526911
0.1438077695358524	86.56842734106635
0.1264222852812487	85.545875441828
0.0993788132733719	84.01254542739082
0.0819933290187683	82.98999352815258
0.0665493990032248	82.99795887887694
0.0530083027718314	80.42614626375268
0.0394893325146723	79.91735948623489
0.0278953220158975	78.89182058047504
0.02015676252745	77.34853387763235
0.0085240315737652	72.71269975606117
0.0026772428823507	67.5581221685668
