# Relative Pressure (p/p0)    Quantity Adsorbed
0.9967948717948723	 238.26511266511238
0.977207977207978	236.1879305879304
0.934472934472935	236.0636104636103
0.9148860398860408	238.02683242683224
0.8757122507122514	235.8926702926701
0.8543447293447297	235.83051023051007
0.8080484330484339	233.67562807562783
0.7849002849002855	233.60828800828767
0.7599715099715105	235.5559699559697
0.717236467236468	233.4114478114475
0.6940883190883196	231.32390572390568
0.667378917378918	231.24620564620545
0.6228632478632483	233.1369075369073
0.6050569800569807	233.0851074851073
0.5712250712250717	226.92608132608095
0.5356125356125361	230.86288526288516
0.5106837606837611	226.74996114996088
0.4732905982905988	226.64118104118077
0.4465811965811967	224.5432789432789
0.4091880341880345	226.4547008547006
0.3860398860398866	226.38736078736065
0.3272792022792026	220.1558145558145
0.2204415954415961	215.80461020460984
0.2026353276353281	211.71240611240592
0.1670227920227924	211.6088060088059
0.1367521367521371	211.52074592074564
0.1029202279202281	207.3819217819214
0.0744301994301999	203.25863765863755
0.0548433048433052	189.06024346024333
0.0388176638176638	178.91261331261308
0.0227920227920228	168.76498316498282
0.0192307692307696	148.5526029526029
