# Relative Pressure (p/p0)    Quantity Adsorbed
0.9930875576036867	 153.4200580117781
0.9746543778801844	152.4572131744497
0.944700460829493	152.48659576338224
0.9285714285714284	152.01195394216398
0.9078341013824884	152.03229573450193
0.8801843317972352	151.56895490902696
0.8571428571428573	150.12016725473697
0.827188940092166	150.6400130589284
0.7926267281105991	149.20252640038171
0.7488479262672812	148.26454375368849
0.7027649769585255	146.34789487562625
0.652073732718894	146.39761925689675
0.6013824884792626	144.97595399239066
0.5506912442396313	142.57336229736686
0.4976958525345624	141.15395723200942
0.45852534562212	139.2305277565012
0.3986175115207372	137.32744007333088
0.3502304147465437	137.37490425545272
0.2995391705069125	135.95323899094663
0.2580645161290321	134.03206971458707
0.2027649769585252	132.12446163311944
0.1866359447004607	129.6879669508658
0.1751152073732719	129.69926794660907
0.1474654377880183	128.25500069061638
0.1244239631336405	127.2966762515853
0.0990783410138248	126.3406120117028
0.0875576036866359	125.86144979218724
0.0622119815668201	124.41492233704592
0.0483870967741935	123.938020316679
0.0276497695852534	121.50604603272268
0.0161290322580643	118.08410452165396
0.0069124423963132	115.15036602669548
0.0069124423963132	111.22666030462464
0.0069124423963132	107.30295458255378
0.0069124423963132	101.90785921470636
0.0069124423963132	97.00322706211782
0.0023041474654377	89.16033601627345
0.0046082949308755	82.78205401875965
0.0069124423963132	74.44191916021046
0.0023041474654377	67.5799545448838
0.0046082949308755	60.2207461168523
0.0046082949308755	52.86379788796947
0.0046082949308755	45.01638644382777
0.0023041474654377	39.623551275129046
0.0069124423963132	33.2430090784666
0.0069124423963132	22.452818342771764
0.0046082949308755	17.05998317407301
0.0023041474654377	8.233905498562308
0.0069124423963132	1.362900086640991
