# Relative Pressure (p/p0)    Quantity Adsorbed
0.9741550695825046	 482.76474486414827
0.94234592445328	481.3889993373093
0.94234592445328	481.3889993373093
0.916500994035785	481.354539430086
0.8846918489065604	482.64546056991367
0.8628230616302185	479.9496355202118
0.8310139165009939	479.90722332670623
0.8131212723658051	481.2166998011927
0.7833001988071567	481.1769383697812
0.7296222664015902	481.1053677932404
0.6739562624254473	479.6978131212721
0.6302186878727633	478.3061630218688
0.5765407554671967	478.2345924453281
0.5248508946322067	478.16567263088143
0.4771371769383695	475.4353876739564
0.423459244532803	472.6971504307488
0.3757455268389661	469.9668654738237
0.3220675944333994	469.89529489728295
0.2763419483101391	468.5009940357853
0.2246520874751488	464.43207422133855
0.1530815109343936	459.0033134526175
0.029821073558648	438.83896620278335
0.0099403578528827	426.8124585818423
-0.003976143141153	330.7939032471836
-0.0019880715705764	238.79655400927777
-0.0019880715705764	118.79655400927776
