# Relative Pressure (p/p0)    Quantity Adsorbed
0.9955752212389379	 537.9999505611313
0.9225663716814156	531.1736787462304
0.8274336283185839	520.958372472438
0.7212389380530975	510.72452662283104
0.6261061946902655	500.50922034903857
0.5243362831858407	488.6068126761261
0.4203539823008848	476.70069708805073
0.3296460176991151	463.1408513373215
0.2986725663716814	458.06100756414696
0.2765486725663717	456.3479507588868
0.2566371681415929	451.2866465615267
0.2256637168141593	446.2068027883523
0.1969026548672565	442.806644583972
0.1769911504424779	437.745340386612
0.1504424778761062	434.3488900973946
0.1305309734513273	429.28758590003474
0.0973451327433628	422.52805655806606
0.0730088495575221	410.7554259158552
0.0442477876106194	388.9195135215307
0.0287610619469027	353.69802738913336
0.0243362831858408	348.6626785979138
0.0199115044247788	340.2753744994316
0.0199115044247788	331.8954862312751
0.0154867256637168	323.50818213279285
0.0132743362831858	313.4486082958422
0.0110619469026549	303.3890344588916
0.0066371681415929	274.889998516834
0.0066371681415929	264.8341325950463
0.0044247787610619	196.11534088100075
0.002212389380531	186.05576704405007
0.002212389380531	177.67587877589358
0.0	157.56043901715532
0.0	142.47664013447377
0.002212389380531	115.66470559153606
0.002212389380531	90.5250407870668
0.0	1.694517229445637
