# Relative Pressure (p/p0)    Quantity Adsorbed
0.003355704697986628	 5.150214592274551
0.0067114093959737	12.875536480686606
0.0067114093959737	20.60085836909866
0.0	36.05150214592277
0.0033557046979866	60.51502145922723
0.0033557046979866	64.37768240343348
0.0033557046979866	73.39055793991383
0.0067114093959737	86.2660944206009
0.0067114093959737	96.56652360515
0.0033557046979866	48.927038626609374
0.0100671140939598	110.72961373390535
0.0033557046979866	118.4549356223174
0.0033557046979866	128.75536480686696
0.0033557046979866	146.78111587982835
0.0067114093959737	157.08154506437745
0.0100671140939598	169.95708154506428
0.0100671140939598	178.96995708154486
0.0369127516778524	203.43347639484975
0.0604026845637588	213.73390557939888
0.0838926174496643	218.88412017167389
0.1040268456375841	218.88412017167389
0.1275167785234905	218.88412017167389
0.1476510067114094	222.74678111587968
0.1677852348993291	224.03433476394844
0.1979865771812083	226.60944206008597
0.2449664429530202	230.4721030042917
0.302013422818792	233.04721030042924
0.3489932885906039	235.6223175965663
0.4060402684563757	235.6223175965663
0.4496644295302014	238.1974248927038
0.5033557046979866	242.0600858369096
0.5536912751677852	242.0600858369096
0.6073825503355703	244.6351931330471
0.6476510067114094	244.6351931330471
0.7013422818791946	245.92274678111585
0.7516778523489935	248.49785407725332
0.7986577181208054	252.36051502145915
0.8288590604026846	252.36051502145915
0.8590604026845634	254.93562231759665
0.8859060402684564	254.93562231759665
0.9093959731543624	254.93562231759665
0.936241610738255	254.93562231759665
0.9664429530201346	257.5107296137337
