# Relative Pressure (p/p0)    Quantity Adsorbed
0.009777123101143204	 372.8442493913027
0.0132318922010803	398.5715225787511
0.0227609805976118	419.16726144376446
0.0382125303083222	424.3430876777371
0.0814414359690816	436.43477952751925
0.1184188546870972	441.6548976730296
0.1553962734051119	446.8750158185399
0.186172824507854	448.6530196959805
0.2138489418029601	448.709966439386
0.2477006170496021	450.4942977327604
0.2784771681523441	452.2723016102009
0.3154039675428874	454.0629603195093
0.3553805814135957	454.1452167266507
0.4045825677160057	454.24645538159393
0.4538604830096231	459.49188319084
0.5553395797583436	459.7006879166604
0.6045162563970177	458.0871968535026
0.644492870267726	458.169453260644
0.6968206000415083	461.7064787677232
0.8013495112703932	460.2068811913766
0.8351758768533002	460.27648276665
0.8936285452511483	462.11143338749616
0.9458803460337232	460.5042697402723
