# Relative Pressure (p/p0)    Quantity Adsorbed
0.9950142450142456	 395.83569023569
0.977207977207978	395.78389018388987
0.934472934472935	393.6393680393678
0.9148860398860408	393.5823879823878
0.8739316239316244	391.4430458430456
0.8525641025641031	391.3808857808856
0.8098290598290605	387.2161616161613
0.7884615384615388	389.1742035742035
0.7439458689458696	389.0447034447034
0.7243589743589749	388.98772338772335
0.6905270655270659	390.9095053095052
0.6655982905982913	386.796581196581
0.6246438746438749	386.6774410774408
0.6068376068376073	386.6256410256408
0.5623219373219377	382.45573685573663
0.5427350427350435	382.3987567987565
0.5035612535612541	384.3049987049985
0.4804131054131058	384.23765863765846
0.4412393162393164	376.0428904428903
0.3824786324786329	373.851748251748
0.3522079772079776	369.7232841232839
0.3201566951566956	369.6300440300438
0.2952279202279206	373.5979279979277
0.2578347578347584	369.4487438487436
0.2240028490028494	369.3503237503234
0.2026353276353281	365.2477596477595
0.1652421652421658	361.0985754985754
0.1349715099715105	354.94990934990915
0.1064814814814818	352.8468272468272
0.0762108262108265	344.6779590779588
0.0530626780626781	336.5298109298108
0.0370370370370372	320.3215747215745
0.0281339031339036	300.0936544936544
0.0210113960113962	255.62849002848972
0.0156695156695159	243.49173789173776
0.0138888888888892	231.3653457653454
0.0138888888888892	223.28453768453755
0.0138888888888892	217.2239316239313
0.0138888888888892	205.1027195027193
0.0121082621082626	201.05713545713525
0.0121082621082626	199.0369334369334
0.0085470085470085	186.9053613053611
0.0085470085470085	176.80435120435095
0.0085470085470085	170.74374514374497
0.0067663817663818	168.71836311836296
0.0067663817663818	162.65775705775695
0.0049857549857552	150.5313649313648
-0.0021367521367519	142.42983682983663
