# Relative Pressure (p/p0)    Quantity Adsorbed
0.9940099203935717	 532.9731446566382
0.9940099203935716	532.9731446566382
0.96616794388355	531.0100150022299
0.96616794388355	531.0100150022299
0.9511724715836136	530.9437889415992
0.906186054683804	530.7451107597074
0.841906229304356	534.1415615834785
0.7969400856884128	528.422468204733
0.7562516049683059	524.5624349565476
0.6898363270215842	526.1092865155631
0.6470056359729148	522.2397924015731
0.6041614294016675	522.0505750854855
0.5506264444714752	516.2936382435227
0.501402911243563	503.1950695373636
0.4972063414831933	479.2543486193893
0.4972739190960817	460.8529646298773
0.4930705915744231	438.7523821108544
0.4867115382016245	420.3226155239293
0.4675127383800292	398.1558069442754
0.4525172660800927	398.0895808836448
0.4011177337171743	394.1822433064374
0.3368649393828811	390.2181405344038
0.2983186689913366	386.3675681520226
0.2404992634040195	380.5917095784508
0.1955263620267877	376.7127545986565
0.1548378813066806	372.85272135047103
0.1291381151252212	370.8990525618673
0.1205827893335494	367.1809323007474
0.0906053602562542	363.36820338158384
0.0542148157158496	355.84681506710456
0.0371041641325061	348.41057454486486
0.0178648177431779	337.2845963589183
0.0072010704293881	324.35632323723803
