# Relative Pressure (p/p0)    Quantity Adsorbed
-0.002136752136751907	 69.70256410256388
0.0014245014245015	83.85433825433802
0.0014245014245015	95.97555037555004
0.0014245014245015	112.1371665371662
0.0032051282051286	233.3544677544676
0.0049857549857552	283.86469826469806
0.0174501424501425	465.71914011914
0.0299145299145302	566.765501165501
0.0388176638176638	639.5186739186738
0.0530626780626781	681.9843563843561
0.0584045584045589	696.1413105413104
0.0708689458689462	702.2381766381765
0.0993589743589744	720.5028749028747
0.1296296296296297	730.6919450919451
0.1634615384615387	740.8913752913752
0.1919515669515674	749.0550634550633
0.2311253561253563	755.2296296296296
0.2542735042735047	755.2969696969697
0.2881054131054137	763.4761978761977
0.3183760683760686	765.5844599844598
0.3450854700854706	765.66216006216
0.3806980056980062	771.826366226366
0.4127492877492882	773.9398083398081
0.4394586894586898	774.0175084175082
0.4715099715099717	776.1309505309504
0.5000000000000004	780.2542346542344
0.5409544159544164	780.3733747733745
0.5694444444444446	780.4562548562546
0.5997150997151004	786.6049210049208
0.635327635327636	782.668117068117
0.658475783475784	786.775861175861
0.6958689458689462	784.864439264439
0.7279202279202281	788.9980833980833
0.7581908831908835	789.0861434861433
0.7902421652421658	793.2197876197874
0.8205128205128216	791.2876456876455
0.8525641025641031	793.4010878010877
0.8810541310541313	793.4839678839677
0.9131054131054142	793.5772079772078
0.941595441595442	793.6600880600879
0.9718660968660972	791.727946127946
0.9985754985754992	791.8056462056461
