# Relative Pressure (p/p0)    Quantity Adsorbed
-0.0026595744680850686	 4.511278195488558
0.0	84.21052631578937
0.0013297872340425	132.8320802005012
0.0013297872340425	150.37593984962405
-0.0008865248226951	157.8947368421052
0.00354609929078	205.5137844611529
0.00354609929078	228.0701754385964
0.0101950354609928	251.87969924812023
0.0124113475177304	258.14536340852123
0.0168439716312056	265.6641604010026
0.0212765957446807	273.1829573934838
0.0234929078014184	280.70175438596493
0.0301418439716311	289.47368421052624
0.0478723404255319	320.8020050125315
0.0744680851063829	347.1177944862154
0.0988475177304963	358.39598997493727
0.1298758865248226	363.4085213032581
0.1542553191489361	367.1679197994988
0.1764184397163121	369.6741854636591
0.2030141843971632	373.4335839598998
0.2273936170212765	373.4335839598998
0.2451241134751772	377.1929824561402
0.2828014184397162	379.6992481203008
0.3049645390070922	379.6992481203008
0.4268617021276596	388.4711779448621
0.5243794326241132	393.48370927318297
0.6218971631205673	397.24310776942366
0.7216312056737589	403.5087719298247
0.828014184397163	406.01503759398497
0.9277482269503544	407.2681704260651
0.994237588652482	413.5338345864661
