# Relative Pressure (p/p0)    Quantity Adsorbed
0.917134740334974	 76.91627506047882
0.8502604528728602	76.98857158746489
0.8142628071443802	76.57703751077497
0.7404485165308791	46.476656563690426
0.6713381345642283	33.48830742707787
0.5943145269675317	28.16617078664183
0.5223655794381264	25.541250729916783
0.4478329579475203	23.36957428468145
0.2961492830594406	20.830853933209085
0.2524469593749132	19.97719878764281
0.2344771014653951	18.64527430970719
0.2010399577343382	18.681422573200223
0.1650538979877468	17.81942552067403
0.1367609302153141	17.850012512860417
0.1085027203885475	16.52921057753798
0.0751003346031571	15.213969913522192
0.0519747147531259	14.338069682729383
0.0159886550065346	13.476072630203191
0.0031629730556406	12.13858688096093
