# Relative Pressure (p/p0)    Quantity Adsorbed
0.9060353696855105	 108.4598059116314
0.8186191363345662	107.20295859633508
0.7518143647637853	104.57247726830347
0.6746864833300895	103.30450741039397
0.6001075179119283	102.93468286850371
0.5203612045713654	103.47134554959256
0.4637868550083884	103.08205655812912
0.3634985957789952	102.28957539693567
0.2940753923013467	101.46372660790252
0.2606730065159564	100.14848594388673
0.2349637127047245	99.72582932458356
0.2041218289167573	98.85827100075072
0.1707078571494779	97.99349331257122
0.1347449693666641	96.23057030837242
0.10137734152694	93.5639407168478
0.0680676435966598	88.64499624614183
0.0501788875603631	84.15983093735224
0.0066619395860563	76.09876817840552
0.0094194032755889	68.88857992937182
-0.0080754293764885	49.087673442148855
-0.0074613723363825	25.213135722826166
