# Relative Pressure (p/p0)    Quantity Adsorbed
0.9559736213258575	 268.5524660345013
0.923608237847149	267.58310886691584
0.8966384922611857	266.6188180259901
0.8786530326186995	266.6019302704572
0.842673669455961	267.5071139670181
0.8228896638492259	267.4885374359319
0.7977184642275116	266.5259353705594
0.7707318308860162	267.4395629448868
0.747350733350784	267.4176088626939
0.7275667277440491	267.39903233160794
0.6987984361938376	266.4330527151287
0.6700132568880933	267.34499151390264
0.6502292512813584	267.3264149828167
0.5998784081601635	266.34017005969804
0.5495106772834356	267.23184355183275
0.4973528443202256	267.1828690607874
0.4505906492497614	267.13896089640207
0.3984328162865514	267.08998640535674
0.3462834272011078	266.10205270668484
0.2977395739219279	264.17853735149333
0.2491788328872152	264.1329404115545
0.2258146231075158	262.2330679141087
0.2006518673635681	260.33150664110985
0.1718751319355902	260.3044862322572
0.1503010242423732	259.34526171799143
0.1233397225341765	257.4420116694389
0.0999755127544773	255.5421391719933
0.0856209205515542	251.77279213706103
0.067635460909068	251.75590438152813
0.0460782409713838	248.9187614520092
0.0299251028042119	245.1477256415237
0.0227562505805166	242.32409291643103
