# Relative Pressure (p/p0)    Quantity Adsorbed
0.9998554693442872	 480.8306709265174
0.9867665703128964	479.4994675186366
0.9530300725188904	480.8306709265173
0.9252522947411128	480.8306709265173
0.8954903899792082	480.8306709265173
0.8458935544398805	479.4994675186366
0.8220776915665096	480.8306709265173
0.796290379836706	479.4994675186366
0.7486713322176586	479.4994675186366
0.6951125817739239	476.8370607028753
0.6494776611390034	476.8370607028753
0.5978903595517016	476.8370607028753
0.5463030579644002	476.8370607028753
0.4966998833612255	476.8370607028753
0.447109386885745	474.1746538871138
0.3994966783305445	472.843450479233
0.3479157158070896	471.5122470713524
0.2963474314113294	467.5186368477101
0.2487283837922818	467.5186368477101
0.1971664384603684	462.1938232161872
0.1832775495714795	462.1938232161872
0.1594807038896499	459.53141640042577
0.1376616461280999	458.20021299254495
0.1217949693189313	456.8690095846642
0.0999759115573812	455.5378061767837
0.0821377858917795	451.5441959531415
0.0504107713372892	447.5505857294993
0.0286297479588215	438.2321618743341
0.0108233176124551	427.58253461128845
0.0068740808357423	423.5889243876462
0.0029565393782647	412.93929712460056
0.0030135909528882	400.958466453674
-0.0048341700897609	382.32161874334383
0.0012132968203256	362.3535676251329
-0.0026788883817635	346.3791267305644
-0.000618692631472	330.4046858359957
-0.0005362848014603	313.09904153354614
-0.0024506820832697	298.45580404685825
-0.00036513007759	277.1565495207667
-0.0002700441198842	257.1884984025557
-0.0001876362898726	239.88285410010644
-9.88893960138e-05	221.2460063897763
-0.0019942694862821	202.60915867944615
-0.0018928444647292	181.30990415335464
-0.0017977585070234	161.34185303514369
-0.0017026725493177	141.3738019169327
0.0003638622648207	124.0681576144832
0.0004652872863736	102.76890308839164
0.0005730513717734	80.13844515441951
0.0006554592017851	62.83280085196998
-0.0012209036969418	40.20234291799761
-0.001132156803083	21.56549520766748
