# Relative Pressure (p/p0)    Quantity Adsorbed
0.9821411985240102	 358.71788159994594
0.9659711726013056	356.82476420471335
0.9515912487650828	355.87229479266045
0.926411605265602	355.8486519349144
0.8994418596796391	354.8843610939888
0.8724721140936765	353.92007025306293
0.845493924629947	353.89473861976364
0.8149186432377206	353.86602943535775
0.8023288214879801	353.8542080064848
0.7861419078097426	353.8390090265052
0.7465823404740392	352.8628967567065
0.7214026969745585	352.83925389896046
0.6962230534750778	352.81561104121454
0.6890288696180834	352.80885593900143
0.6620506801543539	352.78352430570214
0.6188771331346209	353.68195290004974
0.5883018517423942	353.65324371564384
0.4749850121169646	354.4858100634135
0.4228440669092873	352.5589171571152
0.4084641430730649	351.6064477450624
0.3742917697523411	351.57436100955
0.3365138606253536	352.47785593055755
0.3275211308041105	352.4694120527911
0.31493130905437	352.4575906239181
0.2843560276621436	352.4288814395122
0.2735647518766518	352.4187487861925
0.2681691139839058	352.41368245953265
0.2394092663114609	350.5087436354271
0.2106325308834828	350.48172322657456
0.1836712291752865	348.57847317802214
0.1585000295535723	347.61587111264987
0.1387244678246039	346.658335373937
0.1153433702893718	346.6363812917443
0.097366354524652	345.6805343285852
0.0183823218975082	328.70496246696325
0.0130120156380617	325.8830185174238
0.0112472451848787	322.1254929113645
0.0112472451848787	322.1254929113645
0.0059107144364978	315.54771213131926
0.0023305102635334	313.6664161649596
0.0023642857745992	309.9105793344536
0.0023896174078984	307.0937017115739
0.0007008418546134	294.88554323687595
-0.0010385969652701	288.3111400079372
-0.0009203826765402	275.1657111011661
0.0010554847208033	255.44925651656263
0.001367908198161	220.7077658343817
-0.0054631889148771	180.32576480422856
-0.0014607908535915	135.2591003892628
-0.0010892602318688	93.94489525369636
-0.0003124234773577	7.560648152057411
