# Relative Pressure (p/p0)    Quantity Adsorbed
0.966579131800488	 289.2197012556044
0.9413910444232408	290.135017605485
0.6194513168227377	289.83272678144704
0.5672850399817612	290.7227114980283
0.5223213908755456	290.68049210919617
0.4737859814741322	287.8180175463781
0.4234098067196379	289.6486502461389
0.373058963598443	288.6624053230205
0.3298938604564762	288.62187470974163
0.3173040387067358	288.61005328086867
0.3047226608347617	287.65927264436914
0.2849386552280271	287.6406961132832
0.2615744454483277	285.74082361583737
0.2687686293053221	285.7475787180504
0.2364032458266133	284.77822155046465
0.2076265103986355	284.7512011416122
0.1860524027054184	283.79197662734623
0.1626713051701864	283.77002254515355
0.1590742132416892	283.7666449940468
0.1410971974769693	282.8107980308878
0.1375001055484722	282.80742047978106
0.112354237560057	279.0279407915291
0.1105556915958084	279.02625201597584
0.0871745940605763	279.0042979337832
0.0692144660513894	276.1705325553708
0.0584400780214307	274.2824814867979
0.038681404047995	271.44702733283225
0.0386982918035279	269.56910891757934
0.0118045411174628	260.1541852080149
0.0100313267865134	257.335618809582
0.0046610205270668	254.51367486004256
0.0011230357429347	247.93758285555052
-0.004230382760979	243.2377204907582
-0.005817831781067	219.76205152454213
-0.0001773214330949	192.53730083003325
0.0019505357640443	155.91958050815242
0.0021194133193729	137.14039635562244
0.0041797194943806	108.0343496947537
0.0025416072076941	90.1924359742968
-0.0009034949210074	73.28779268591302
0.002896250073884	50.75614925398327
-0.0006248469547154	42.30213883423835
