# Relative Pressure (p/p0)    Quantity Adsorbed
0.980950611758944	 291.11112987528395
0.9539893100507478	289.2078798267314
0.9234224725362876	288.2402114346992
0.8946457371083095	288.21319102584675
0.8730716294150928	287.2539665115808
0.8442611184760488	290.98278293323415
0.8245108883803799	287.2083695716419
0.7993312448808992	287.184726713896
0.768747519610906	288.09497673711667
0.7435509883558925	289.94925229462365
0.7183713448564116	289.9256094368777
0.6986042270052099	288.02911449053863
0.678820221398475	288.01053795945245
0.6464463940419997	287.9801399994933
0.5978687652517541	289.8124614748076
0.5438954985687628	291.63971662346216
0.4989318494625473	291.59749723463005
0.441395266362124	289.66553800167185
0.4000287091844059	289.62669616394624
0.3496863099409774	287.7014920332015
0.2993270229420159	287.6542063177094
0.2525817156270846	285.7323797380709
0.2184177861841272	284.76133379493194
0.193246586562413	283.7987317295592
0.1770850045174746	280.9666551267005
0.1537039069822425	280.94470104450784
0.1195315336615188	280.91261430899544
0.097982757601601	277.13651217184974
0.08541826748516	274.3078131200973
0.0692482415624551	272.4146957248645
0.0584569657769634	272.4045630715448
0.0494811237112531	270.5182007785254
0.0315378834575991	265.8065169848601
0.0189818372189244	262.0388587254811
