# Relative Pressure (p/p0)    Quantity Adsorbed
0.003205128205128638	 23.253457653457417
0.0067663817663818	77.80927220927197
0.0227920227920228	134.42154882154864
0.0299145299145302	152.62408702408675
0.0566239316239318	183.00481740481723
0.1296296296296297	205.43941983941977
0.1599002849002855	207.54768194768167
0.193732193732194	209.66630406630384
0.2934472934472936	224.0977984977985
0.3201566951566956	220.1350945350944
0.3557692307692313	220.2386946386944
0.3789173789173792	224.3464387464387
0.4198717948717956	224.4655788655789
0.4537037037037041	224.56399896399896
0.4821937321937328	228.6872830872828
0.5106837606837611	228.77016317016296
0.5462962962962967	228.8737632737632
0.5801282051282057	226.9519813519812
0.6068376068376073	231.07008547008536
0.6388888888888893	229.1431235431235
0.6745014245014254	227.2265216265214
0.7029914529914532	231.34980574980568
0.7332621082621085	233.4580678580676
0.7670940170940179	233.55648795648767
0.7938034188034191	233.63418803418767
0.8596866096866105	231.8056462056461
0.8863960113960117	233.90354830354795
0.9202279202279212	234.00196840196804
0.9487179487179488	234.08484848484815
0.977207977207978	234.16772856772832
0.9950142450142456	232.19932659932647
