# Relative Pressure (p/p0)    Quantity Adsorbed
0.9807817342036155	 309.89031402781416
0.9304308910824208	308.9040691046955
0.9556020907041348	309.866671170068
0.9052765792162392	306.0635486240701
0.849521654324532	306.0111965819183
0.8729027518597642	306.03315066411096
0.8261405567893	305.9892424997256
0.8009524694120528	306.9045588496058
0.7487777486933099	308.7335027738138
0.7235981051938293	308.70985991606767
0.6714402722306191	308.66088542502257
0.7002254515363636	307.7489466262484
0.6426719806804077	307.6949058085433
0.5455504986109821	307.6037119286659
0.4969728698207364	309.43603340398045
0.4484459042970893	305.6345996335356
0.3963049590894123	303.7077067272376
0.3477273302991666	305.54002820255164
0.2973849310557381	303.6148240718069
0.2506311798630404	302.63195669979496
0.2254515363635596	302.6083138420488
0.1966916886911145	300.70337501794324
0.1768992392066132	301.62375769448363
0.1499379374984168	299.7205076459313
0.1229597480346874	299.6951760126319
0.0995786504994553	299.67322193043924
0.0798115326482534	297.7767269841001
0.0636415067255486	295.8836095888676
0.0546741085376047	293.0582880882216
0.031318342635672	290.21945638314946
0.0187622963969973	286.45179812377046
0.0438828327521131	293.0481554349019
0.0045090307272711	271.41494059731986
-0.004348597049709	256.3831493975292
-0.0002195408219269	197.23209686816585
0.0018492092308473	167.18709099967054
-0.003039795995913	110.8444722154204
-0.0025500510854603	56.3848381730827
-0.0003124234773577	7.560648152057411
