# Relative Pressure (p/p0)    Quantity Adsorbed
0.9899505308209657	 494.47501528542057
1.0000555833472284	500.02779167361496
0.921527430381857	492.9047857261967
0.7866933466733363	489.7698849424714
0.7202601300650322	485.4427213606807
0.6256795064198761	483.8002334500586
0.5230281807570445	479.3730198432552
0.4263798565949641	470.8187427046862
0.32776388194097	467.78389194597344
0.2291256739480847	461.9865488299706
0.108276360402423	446.45934078150185
0.0154632871991546	414.434995275416
0.0154632871991546	414.434995275416
0.0154410538602633	411.67250291812616
0.0113723528430877	406.1364015341005
0.009271302317825	395.08087377021866
