# Relative Pressure (p/p0)    Quantity Adsorbed
0.9496859540881553	 491.6013562336725
0.8309265743983101	485.74842977044113
0.7262964815741197	485.4593963648495
0.3217164137624362	466.3859707631596
0.3076538269134565	469.1095547773889
0.2794841865377129	469.03173809126815
0.2532710799844362	462.0532488466456
0.2351620254571726	462.0032238341396
0.2049469179033956	457.7761102773611
0.1908620977155242	457.73720193430063
0.1626813406703342	456.2781390695354
0.1304541159468617	452.0454671780335
0.1022622422322268	449.2051581346232
0.0740259018398079	440.8398643766332
0.0498360291256734	435.2481796453785
0.0377522094380515	433.8335834583959
0.0031349007837246	382.6329831582461
0.0030793174364953	375.7267522650218
0.0029903840809288	364.6767828358629
0.0029348007336995	357.7705519426386
0.0047690511922624	335.6761714190434
0.0001778667111329	265.22149963870834
-0.0059807681618591	0.0111166694459825
