# Relative Pressure (p/p0)    Quantity Adsorbed
0.008121205492007899	 12.40592833528035
0.0072145043228717	11.091687493428369
0.0071882888098113	9.87004458480942
0.0050174909397622	0.8214395302784396
0.0102847233778256	16.729068234660076
0.013558894466034	18.599492930194344
0.0143602898285193	20.67482630148595
0.0173851636860158	22.68544564778398
0.021537951954391	24.75986869693128
0.0254182033333907	26.977377372526064
0.0266261661831661	29.110839169300164
0.0295815538177599	31.149412770921742
0.0245864650519995	22.3334014929535
0.0334605556671947	33.3086933687905
0.0359541135859484	35.524163424596225
0.0373518449398138	37.6710655504084
0.0403035111714762	39.53622177543463
0.0439886703239233	41.49220465522768
0.0468589697262877	43.60428392419368
0.0480348470424256	45.521873404690666
0.0520881139721232	48.13605926712364
0.0455361460927927	46.77925586648735
0.0550817571579216	49.94633011730952
0.0473594489705717	39.63459428124003
0.0647639699246978	52.39361476567217
0.0766839406025539	55.20079421526452
0.0925446048925884	57.42314461285849
0.1176219742424431	59.29459757925344
0.1519135386561869	60.698187304049725
0.1993825817093808	62.1017770288459
0.2072965988808441	62.45267446004488
0.2481618426387248	63.15446932244305
0.2946195963788265	64.21830121703061
0.3411101294705549	65.34757826743703
0.3865970173277098	66.49331154657943
0.4311081551323454	67.49334390822185
0.4815136543779557	68.30096498002911
0.5276599295753417	69.47062308402596
0.5734801443488868	70.06659173701487
0.6205862539427727	70.64028118802284
0.6647377098737388	70.96193716662182
0.705601071134671	71.57600767122025
0.7464587849047584	71.92690510241931
0.7899519944027344	72.27780253361837
0.8308147281646849	72.86263158561678
0.8387212153483541	72.86263158561673
0.871674951930703	73.33049482721552
0.909902189964763	73.91532387921393
0.9520851815865884	74.61711874161202
0.9955853506187384	75.29233046528284
