# Relative Pressure (p/p0)    Quantity Adsorbed
-0.0012451638731216796	 24.100405199232938
0.0038144111763012	21.16809087439032
0.0145554673749717	25.97798401437456
0.031026492317113	28.172362119637683
0.0500462781904014	29.55012134581125
0.0689564399376188	31.344146430268157
0.0864277850301564	31.97476628584269
0.0994684883606655	33.16331772703458
0.1199316585605525	34.23203175018892
0.138019639362239	34.97855992812762
0.1528188963818002	35.42928333180038
0.1750177819111424	36.18872139552301
0.2005053912226095	37.802270018716825
0.2251708195885453	39.286158484689736
0.2498362479544811	40.58276005689905
0.2753238572659482	41.59554995163592
0.3008114665774153	42.83020278206189
0.3254768949433511	44.11239767013555
0.3509645042548182	45.2778984167104
0.3764521135662848	46.460687184248
0.4011175419322206	47.6276285992364
0.4257829702981568	48.99626359212404
0.4512705796096234	50.26981446971631
0.4718251032479035	52.18014078610473
0.4784025508121527	51.01319937111632
0.5014236172870263	52.51149452122488
0.5260890456529621	53.563182463128
0.5507544740188979	54.60046372089546
0.5754199023848336	55.89706529310479
0.6017296926418321	56.9487532350079
0.6255729400622365	58.20501609163739
0.6510605493737036	59.2826360649847
0.6757259777396394	61.06906489780644
0.6963718548163116	62.23600631279484
0.7141629369432225	63.17424161712964
0.7283455582536358	63.65815184675776
0.750544443782978	64.94734426712589
0.7720125018051816	66.11140434528717
0.7901735653575814	67.0219067826608
0.8031640242969744	67.56647944298874
0.8253629098263167	68.86308101519806
0.8454241248972778	70.17264860312949
0.8637998690298998	71.26179392378532
0.9000169396805489	73.82906503675979
0.9207358995079348	75.7350693479075
0.936357337473028	77.01546340046421
0.9523898659108858	79.35474873699187
0.96560348824978	82.3014301671676
0.9815772894772432	84.37907982930302
0.9881547370414928	90.30022700905896
-0.0025706940874039	18.64864864864865
-0.0051413881748074	17.43243243243245
0.0	14.594594594594582
0.0	12.972972972972997
0.0	11.351351351351385
0.0	7.702702702702709
0.0	6.081081081081095
0.0	3.2432432432432563
0.0	2.8378378378378386
