# Relative Pressure (p/p0)    Quantity Adsorbed
0.05531718640955008	 2.266309905020364
0.0645331864095501	2.5977994325891416
0.0816703764921946	2.503626271348025
0.0919526905417815	2.489276075349352
0.115944756657484	3.009022236675378
0.1262270707070707	2.948033903681136
0.1525040955004593	3.357462933267556
0.163928888888889	3.357462933267556
0.1822085583103765	3.8408851609720216
0.1924908723599634	3.8408851609720216
0.2187678971533517	4.186186752189485
0.2290502112029384	4.186186752189485
0.2461874012855831	4.462428025163462
0.25646971533517	4.462428025163462
0.2941715335169881	4.945850252867899
0.304453847566575	4.9655817723660505
0.3215910376492195	5.222091525841876
0.3318733516988064	5.222091525841876
0.3581503764921947	5.523445641813481
0.3684326905417814	5.537795837812126
0.3949273304473304	5.830480043701215
0.4056346740128558	5.788961638090569
0.433554012855831	6.050815344763805
0.4444075665748392	6.016285185642062
0.4621159963269055	6.327056617737782
0.4723983103764921	6.327056617737782
0.4986753351698807	6.327056617737782
0.5089576492194674	6.327056617737782
0.535234674012856	6.60329789071173
0.5455169880624426	6.60329789071173
0.5717940128558312	6.879539163685706
0.5820763269054179	6.879539163685706
0.6083533516988062	6.948599481929193
0.6186356657483931	6.948599481929193
0.6357728558310378	7.074163696917367
0.6471976492194675	6.994639694091546
0.6769021120293848	7.40690886663603
0.6883269054178145	7.447368447021091
0.71346145087236	7.777323300851123
0.7248862442607897	7.777323300851123
0.7408809550045914	8.0535645738251
0.7511632690541783	8.0535645738251
0.7774402938475666	8.0535645738251
0.7888650872359964	8.068911311212531
0.8139996326905419	8.329805846799076
0.8242819467401286	8.329805846799076
0.8505589715335171	8.606047119773052
0.8608412855831038	8.606047119773052
0.8871183103764924	8.813228074503513
0.897400624426079	8.813228074503513
0.9236776492194674	9.05180008298106
0.9339599632690544	9.08946934747749
0.9602369880624426	9.428492727945551
0.9728042607897154	9.315484934456208
0.985371533516988	9.340597777453835
0.992226409550046	9.434770938694951
