# Relative Pressure (p/p0)    Quantity Adsorbed
0.004493070592348936	 99.41211039037137
0.0022142187645744	94.3706193737154
0.0023330641799756	97.37130989516491
0.0106969935439019	103.53685533084013
0.0110819012790604	102.34539609419312
0.0178234645471418	105.06178591072609
0.0255603371399389	106.48358955302837
0.0327850860745136	107.86028515440556
0.0390265110805733	108.70480946562316
0.047192768313863	109.53328037571612
0.0549243765205827	110.32053543703496
0.0611386168912946	110.6716512211027
0.0692098122669553	111.41951803301276
0.0769352094330949	111.78815402938648
0.083672849872753	111.77565410500772
0.0915402420435504	112.47702374416532
0.0989842430019534	112.77973707676114
0.1068587296405118	112.80748700202564
0.1135919302163196	113.2165521502364
0.1213167374704788	113.64120028912193
0.1293981075988134	113.69081926054936
0.1355747195374389	113.80190337335478
0.1436504117629647	114.39063921645908
0.1510948059960211	114.65601112071356
0.1582830036409728	114.24838931635436
0.1659846759674306	115.08406600128431
0.1734295617938036	115.30276112011228
0.1808784786853742	115.13870659844235
0.1883226762811038	115.42274921686754
0.1957672671514868	115.66945040695155
0.2032128412085033	115.82279802618228
0.2106610698694305	115.7240910041096
0.2181025145425863	116.26952362092362
0.2255467121383159	116.55356623934875
0.2329954323925598	116.40818243184953
0.2404368770657154	116.9536150486635
0.2478815662547618	117.19098088166214
0.2553296965970256	117.10160921667476
0.2627747790607254	117.30163362133214
0.2702185833818016	117.62301766809856
0.2779471185519466	117.69370018416588
0.2845177085561834	117.42218907460943
0.2925541257288911	118.19508481081476
0.2999988149179374	118.4324506438133
0.3075896418633909	118.3272538137594
0.3148895697573172	118.77648731061618
0.3223358320449772	118.86448743024977
0.3304189166050039	118.751321112502
0.336598592808637	118.83929818869888
0.3446737340399871	119.21250600291836
0.3525895360119219	119.22117770902604
0.3591422671415996	119.0468447473026
0.3670105545297002	119.66321350352548
0.3744559319493901	119.83523183692682
0.3823320175598943	119.71115937590923
0.3890659296523449	120.05266601889736
0.3967930473950931	120.25793326627804
0.4048762978678641	120.12901353344876
0.4110558343770631	120.23025459617094
0.4191310477087663	120.59661648186125
0.4268598532552355	120.641626765944
0.433599466967716	120.4417645870812
0.4411304778733191	120.9411442503876
0.4555370777490342	120.82924089731978
0.4618748618728641	121.06999556396124
0.4698977912121328	121.5029867437084
0.4778127915088126	121.58777751528088
0.4842658239535033	121.48176711819036
0.4922340217898657	122.0097063868273
0.499679497528219	122.1723893631434
0.5074335119799716	121.96657349762133
0.5145716288288856	122.38573103075193
0.5220177927978823	122.48306650747077
0.5301013628063093	122.32380686411426
0.5362811696918325	122.39937569485188
0.5443558914302189	122.81241436596883
0.5520840169392665	122.92199420322498
0.5588232654065372	122.75681205704312
0.5666929085572586	123.24445115240523
0.5741388758889286	123.36045734329474
0.5820161464980598	123.12386926266988
0.5890312038269219	123.55512829673256
0.5964761879719584	123.76448805847524
0.6045556617790735	123.72631780380192
0.6107362347308487	123.72914864391652
0.6188137950109784	124.14051270239986
0.6267297482423952	124.134822320684
0.6332822867152588	123.9787821234516
0.6411512054126716	124.535208060495
0.6485966811510246	124.69789103681114
0.6565719087718167	124.55835227384812
0.6630210727552535	124.81965227284512
0.6709330100474209	125.1952753228448
0.6790115334407902	125.24734685332947
0.6851919261416828	125.26729251476712
0.6932703221304506	125.59930603802523
0.700716092824794	125.73398294308538
0.7080066183497038	125.30376434964478
0.7156075358948171	126.01267211029108
0.72305153685322	126.3153854428869
0.7310252569211739	126.3189888218987
0.7376598713321199	126.69074274888384
0.7453852111457058	127.0648243702239
0.7534638721852038	127.10382640078927
0.7596434943135721	127.19693792338302
0.7677195736688351	127.74891579796387
0.7751642628578814	127.98628163096254
0.7826133419752466	127.80682377010191
0.7900532479613209	128.498354725301
0.7974966590077437	128.85708020040863
0.805470013111784	128.8954318530159
0.8121042069373365	129.3071203630882
0.8198288585202791	129.74654948402548
0.8274884845972468	129.66402725016957
0.8347149923824813	130.5293479338381
0.8421563387369737	131.08411590773733
0.8499641716905992	131.45478710044245
0.8570399163139286	132.10963364176808
0.8644789030205005	132.88845018571493
0.8723597338001783	133.0388176960319
0.8793578596202778	134.35272970275537
0.886794388360266	135.36493017383503
0.894230917100254	136.3771306449147
0.9015280089073234	136.8539859940404
0.9091000418336964	138.77494587048665
0.9165316546405172	140.25391419583195
0.9239700022757772	141.09341056083332
0.9301107647717776	143.0013296955691
0.9359565712777208	145.22427544103954
0.940120136850821	146.4072318622442
0.9465377528856748	149.28627955547296
0.9494953180862946	151.02714380976204
0.9567386062985108	155.88765670583285
0.9536272863233908	153.57670757173287
0.9533201388190776	150.59897200020953
0.961015049006356	159.2192451571281
0.9611844127358468	155.99471548438407
0.96335623759777	161.91312614466983
0.9656981471927152	164.53854784691924
0.9701447111581034	169.8178010436855
0.9682138186386922	166.73597734674598
0.972890638085967	174.43707915184888
0.9741948133067448	172.02867500623398
0.974695550259199	178.05268654747016
0.9741012630985652	170.1974702375622
0.9763545793846078	181.2348266201031
0.977337667699469	184.31476444218123
0.9771013587921014	174.61090409068942
0.978666296956682	186.7269808939677
0.9796558743033243	189.1907851484151
0.9819424855024356	192.4751622342732
0.9844981953045072	208.3191335661201
0.9824325790694276	196.9588591690272
0.9835507353791432	194.35662223657957
0.9850558843258947	219.6493431974652
0.9839294424839332	201.25357077818967
0.9853076664840456	212.7316482942457
0.9846931654744108	203.7346520797547
0.9860084201161194	215.98782590199156
0.9864071711190776	223.12436571954535
0.9889290612205116	208.66063833070427
0.9893202056362153	219.7335627186962
