# Relative Pressure (p/p0)    Quantity Adsorbed
0.09587306743128937	 329.33430439782455
0.1029869229195835	332.3304454593588
0.1110810515703066	334.6642702032418
0.1194621275535125	334.10756646724644
0.1256566771984593	335.0149180013368
0.1341371675129005	338.89869459737383
0.1427505294499235	337.95778055625897
0.1488045705522201	338.2920476230902
0.1571918688686053	342.1332889782193
0.16561967368024	341.6917366830978
0.1716949163272983	341.5228864144301
0.1802461772835075	345.09015279981827
0.1885823967626851	343.68460747848485
0.1949892463392522	343.1096054138811
0.2032988353470389	346.8805482725827
0.2116303030492256	346.5244091829068
0.2181492305531481	345.69387863027805
0.2270509280391193	349.3395718149761
0.2353247923468638	348.9582354611064
0.2422493693300746	347.9246526101256
0.2515010407728597	351.4673934137111
0.2595919604070285	351.5330852570821
0.2666999910157117	350.412201409408
0.275951625035563	353.92849168354155
0.2840424791795981	353.94789510037185
0.2913170250023775	352.9743056738796
0.2992830667396917	355.2864573748568
0.3068148460196533	355.85317860498753
0.314368936478384	354.23701308407635
0.3226000639399182	357.4059758724734
0.3297418416145274	358.587480756019
0.3374224197176008	356.61064273125794
0.3447275821779126	358.57644697828346
0.3527944210898983	360.32233011693415
0.3610958150989473	358.30104786779884
0.3674112126934438	359.207218008306
0.3758462146836641	361.501718359357
0.3842706346377354	360.724797769248
0.3902810155673915	361.0557902754583
0.3988994228643192	363.68093661506623
0.4073263422493452	362.6135647931098
0.4136430900632855	362.1231568582041
0.4219518451633691	365.3046937522829
0.4302254857971181	364.7652646185352
0.4368022527781351	364.1267945486911
0.4457034663264864	367.4304406235806
0.4539768591052677	366.7158275986151
0.4609015184189326	365.7404359124291
0.4694545373724801	369.16736471193326
0.4775444550076025	368.5248436292261
0.4848195836925724	367.96322119894967
0.4930503531413754	370.8791405889224
0.5000513287748056	371.2801162450087
0.5078732241081103	370.44794306983
0.5158705299620792	372.9157160940933
0.5228959796950963	374.1585930917877
0.5323225902543256	372.048076605997
0.5396012816025719	374.0045445795536
0.5476941593917404	375.4542603765024
0.5562405544860449	374.19944546299735
0.5632228957823124	376.0173892813637
0.5714463306719813	377.9688300307448
0.5806915054934974	376.919758921458
0.5878296044937359	378.3507684908288
0.5958966791702032	380.26328996502775
0.6041994572040787	379.2202364634597
0.6106083238767654	380.0709179363205
0.6189505160561422	382.8868771155312
0.6273748230397327	382.0301089896389
0.6337734961730999	382.5328269740071
0.6420043529420811	385.51046426603466
0.6503854538174647	384.9713543211228
0.6568548515536647	384.396881613005
0.6650580326516993	388.0229591928396
0.6728688313367397	388.3238889770687
0.6804235505007545	387.15209235095153
0.6880475058341797	390.0353505014157
0.6950983570070774	391.7782158547032
0.7034786055031816	390.6366442351186
0.7105657587927954	392.3915201047082
0.7188511569926026	394.7371544037396
0.7272725995533134	393.67085544885936
0.7335191754465613	394.5654824965113
0.7419063298772703	398.3050254556808
0.7503881760245952	398.445278377681
0.7567952001922782	398.32878555195657
0.7649629173488273	402.8727265209086
0.7726486822704945	404.56193187819895
0.7809891744030459	404.36125469891726
0.7870847981961078	405.0454753992447
0.7957058984473355	409.5740018382208
0.8039284507315092	410.9016170237565
0.8110740097056879	410.5361566873587
0.8201623768220774	416.2010584967463
0.8274988173702724	417.8336803784687
0.8362302763557008	418.08179891883424
0.8435116069563375	421.90369048199545
0.851610057955889	427.2925513775877
0.8599958318042009	430.05629869879
0.8666676831096936	430.9644228576228
0.8746772548291148	439.35897754246616
0.8823674206877705	444.1587651633156
0.889707271962132	448.20208829929584
0.8977458662892299	452.42523372063147
0.9049934815349528	456.23557489230666
0.9131408939925572	472.41193187814224
0.921495262425053	483.8340667619982
0.927666607201308	487.8216814553493
0.9348453721625204	508.69231335442487
0.9390061961247284	518.2678209719668
0.9451193244768192	546.8317388855542
0.9418675670358894	535.0619759635188
0.950755189543166	580.7270286688677
0.9500683258491976	571.6210190067898
0.9556414662616212	616.0371642181351
0.9546774610126632	603.904872270585
0.9597273149530224	651.4736966097028
0.9602948927164848	641.2278536675117
0.9625648102231414	682.2482839744312
0.9631322617846904	671.9132415199097
0.964586505383467	716.719711895948
0.9669069747605789	750.4186517696342
0.9657393884786508	704.4272417186587
0.9688492172626276	790.5505546258653
0.9671637691366828	740.2523482843067
0.97100023948314	832.7048442766477
0.9693785945340458	775.2464602352236
0.9690168403514868	717.035310958036
0.9731559038954612	875.2531487386349
0.9716039283465988	817.6679200422398
0.973881224300908	922.676266601019
0.9711633187795272	753.0909617305213
0.9742639728635514	864.0751057515047
0.9720009899824154	851.4652005430062
0.9747423856972852	1020.021525336266
0.9745559263725374	970.5140358361888
0.9761269189302098	911.3122695230916
0.9741571628213987	894.3728609700398
0.9733149840261616	792.8126558850579
0.9769511599778103	1054.1267886629726
0.978485642661193	1090.3301608813697
0.9756403716761122	955.3213447037206
0.975275025141416	943.9402976748836
0.9758205055635236	835.7940926318033
0.9796420382407516	1123.2491927734584
0.976410001904531	1005.6042227613776
0.9763916319220114	992.620319116612
0.9775081186373618	1041.2154784430152
0.9793722001781968	1075.1497162941405
0.977626959217086	878.36611649755
0.9822957325422776	1180.8408007394933
0.981584176356664	1163.307315508248
0.9780419047045849	924.803703367254
0.9820031796055126	1115.1191757165498
0.9841421632865116	1212.8785648540802
0.9814993195147927	1146.8915379725868
0.9862539736639933	1243.6299617790671
0.9853009287939238	1200.8462170553692
0.9828176679247658	1091.316659363768
0.987445210599716	1235.349295222713
