# Relative Pressure (p/p0)    Quantity Adsorbed
0.00022405205970754682	 231.08214724059735
-0.0008390296345666	220.2336568108724
-0.0003669805161124	60.1862063454364
-0.0014572884626765	30.09420079716369
-0.0006107212047616	22.5534968960028
0.0047220749149425	201.28821329332004
0.0036600569497348	191.19156656777815
0.00616543189315	234.06939071276477
0.0040515679883226	221.0656849472348
0.0050356547555882	176.08056096729047
0.0046591678813528	156.82552195220205
0.0048596230973885	133.94334618321273
0.003214966166552	123.44728470858011
0.0047255869458809	80.34757491337268
0.0031337492320718	66.04315541795768
0.00485040608873	45.14680323193852
0.0037860842919945	33.42180838249669
0.0052788012849989	101.09064426037868
0.0051703967763899	24.47033757550321
0.0086722587045233	263.453049030838
0.0068852358452354	249.1350566578724
0.0146461857599005	273.1092796042642
0.0124914183274928	262.0506960068128
0.0221939902767838	290.4257675535366
0.0271266880548292	296.81360852155376
0.0338881688373424	302.99046263990203
0.0433721993994485	311.2943517357269
0.0489653300832838	311.7582363821923
0.0571223543838633	314.85829668861743
0.0655028175037741	319.6425938936602
0.0722964740769689	321.6179879919521
0.0814702818278443	322.71288717842594
0.0885422814883575	325.8210745711988
0.1057545263046592	327.4191086807923
0.1132403555861426	330.4158696906443
0.1173637034742082	332.0167293814145
0.1315200380638152	332.22753156871863
0.1370495493129623	332.8409418004712
0.1554359275680969	335.26339625094033
0.1606052838725657	335.64535357218256
0.1781424115207048	339.2238138174084
0.1845877698476707	337.64830342005985
0.2008090489058145	342.44799788659134
0.2091460174913683	340.25329977834235
0.2246701625869631	345.16655935299354
0.2332458668385483	342.77779315060616
0.2371684071174021	341.8431572072441
0.2493999077134341	347.46184917825144
0.2583219495024644	345.27729125205565
0.2623166970691232	343.75086908601975
0.2735006882148864	349.5275326902336
0.2821471467742297	347.7787344723597
0.2862441395943441	346.72421284487814
0.2986496697424201	351.9240503532826
0.307500866947999	349.68106629812314
0.3119156498717082	348.17522534647514
0.3227505602672969	354.06749842185377
0.3310835448457249	352.43257428125776
0.3356665244473008	349.7732841552047
0.3465018670777723	355.9710608457542
0.3549811805612407	354.32122695399994
0.3602040665096096	351.98468426264344
0.3716500784413331	357.8232266126806
0.3803519973462737	356.1805611640448
0.385264036466943	353.17929503175696
0.3960994052934681	359.39558709292305
0.4043057840334544	358.78581369670087
0.4100627924767641	354.8823004700332
0.4198511836329066	361.632426187919
0.4279531671702727	361.2898886879889
0.4341632370138302	356.7105243538597
0.4436020975025793	363.2582580525732
0.4511468909819217	364.0472014524182
0.4586139214764382	359.24244391629804
0.4680525245889617	365.6082640987056
0.4753487978551178	366.27797144573856
0.4830627689407943	360.4759731142601
0.4925024015582205	367.56944736189257
0.4997979238708428	367.7083807512549
0.5078631648235647	363.338040753124
0.5176505343336206	369.3660670169695
0.524287127665424	370.03844374185473
0.5330111404226439	365.02356818450266
0.5409128263153153	371.2181856309994
0.5483883286135349	372.4012989522303
0.5567629412158424	367.2762775971698
0.5660624129716849	374.042408355288
0.5731871998859916	374.1857720212188
0.5826104075778709	369.6701088923551
0.5905125571406893	376.19244839876274
0.5979871242397989	376.7145629889872
0.6077603478809628	372.7442891199653
0.6155918624051138	378.7109600351364
0.6227870171583423	379.2211355120162
0.6329102095958941	375.762923235726
0.6411450699950525	381.57032633696326
0.6475879631582362	382.4720259338251
0.6573611867994	378.501752064803
0.6652621339633626	384.1742360599167
0.6723882175823177	385.2341105713604
0.6825111271024917	381.5759322924132
0.6902027075480368	387.37554992654896
0.6968396152324825	388.27011109883097
0.7079305462079764	385.2362810554489
0.715562258192844	390.4947894618697
0.7219897421824555	391.4762133420832
0.7331876263548174	388.0843232466639
0.7410468460938315	394.2229363518834
0.7471406255434736	395.2169469118842
0.7558661020051829	391.2366176877249
0.7639476107071306	398.3643228423916
0.7712448619592842	399.7252706924378
0.7802060537849265	397.7846382332243
0.7882100249752233	401.0452823439032
0.795699375630013	404.9636745547318
0.8047240289065791	403.5719241759275
0.8124650397937747	406.3326881696517
0.8202315082072735	410.2084807325018
0.8274883572861085	410.4404928913316
0.832731452861585	413.5721902218563
0.8449616253177044	418.252152902611
0.8542923167816541	418.8734152142868
0.8615227048526153	423.1282810625805
0.8705945998905618	426.1269317808867
0.875959139995852	428.5392739559363
0.8844512643518836	435.9441647919368
0.8917909898851881	439.8986141489584
0.8998265664269227	441.9887888752821
0.9076612716303905	450.2106319315335
0.9235094229495928	466.0390832197341
0.9480444478793488	515.736834019852
0.9540512385655766	531.5596722114267
0.9584976575581032	550.3168213743963
0.9621270883586236	568.286128057855
0.963327410169663	588.3157628568615
0.967066340563988	603.5072150875208
0.9680653352896008	620.4852618371376
0.9697287351616716	631.5700709100756
0.971327668375236	653.263107744966
0.9731638579019964	685.9967113251466
0.9725589764004656	669.8762722007343
0.9749262788275246	697.4464030165054
0.9752162332809636	712.5047617116247
0.9769951453860126	736.7273687880318
0.978334267221546	761.1767048140136
0.9790613261152332	803.1506826328848
0.9785369228915828	780.9907905486102
0.9796157689150632	821.9696537609839
0.9800161178847846	839.1022769661513
0.9819986788740344	890.9522199718351
0.981669257147123	865.878895500319
0.983412496978774	916.4076446503072
0.9839678911444588	944.3382166756528
0.9848995771506636	989.1675916764472
0.9843861282492424	965.674998231774
0.9819551818085162	851.9802979402441
0.9854637338360136	1041.643616699659
0.9852012311442232	1010.1216672161224
0.9861706381905124	1063.264601590759
0.986656670095174	1027.7072018462527
0.9869472029464396	1083.1851060205902
0.990391014447526	1260.3944240678943
0.9909779245831508	1181.53074053895
0.9909583404135516	1167.6886494661132
0.9919887933638972	1284.7753684800027
0.9942664288703436	1234.8634407382192
0.9937951372435216	1197.9695793337123
0.9938323094434434	1224.2428902384145
0.9956318473388804	1261.926856261426
0.9945688376837536	1251.129283100896
0.9967163966990013	1287.9486929113086
0.9960038574946868	1278.0177506908149
