# Relative Pressure (p/p0)    Quantity Adsorbed
0.09162358349718558	 119.86917705772544
0.0983262383247055	120.1577535710835
0.106349490711011	120.5600714346932
0.1143950804366643	120.46203326870386
0.1207178784919992	120.5051407974782
0.1286853280140906	121.10413250615336
0.1367116423244834	121.21572067767757
0.1435803105559945	121.04674881828772
0.1510210669985068	121.65752893469896
0.1584667393741866	121.80154119684435
0.1660787856556232	121.45377544359582
0.1727808482302426	121.79858636987257
0.1808041497758797	122.19623655493956
0.1888495312973048	122.11796738042494
0.1951724883975363	122.1459735962672
0.2031413635402461	122.6096026272054
0.2110571806381294	122.61683812453072
0.2180376733841054	122.42619161868788
0.2254790688979294	122.97629191404462
0.2329257244602428	123.02695060533688
0.2406798519784584	122.81039907916664
0.2471882427045332	123.02478857792988
0.2552626432686192	123.46832274885872
0.2633087535048433	123.32086210418248
0.2697312074182305	123.29971348574242
0.2776010368569459	123.76966453610072
0.2855184043645202	123.6296886332346
0.2924993130740722	123.39954638587704
0.2996598695192519	123.83082366063915
0.3073870691942195	124.02831144378206
0.3151410590663062	123.8248294175313
0.3216496660934405	124.01868113070664
0.3297252661452194	124.3483239451947
0.3378095858334545	124.11788220406264
0.3441950101187911	124.0676903970546
0.3520648395575063	124.53764144741297
0.3597946282906091	124.4892981606426
0.3669631157746327	124.16752329718923
0.3741225907145155	124.70148949988976
0.3818495937521565	124.91764799720328
0.3896046995410722	124.60820966803414
0.3961131803925884	124.8140417561358
0.4041889705271166	125.1256362135922
0.4122685623166279	125.07626353041655
0.4187807383112416	124.93124178139504
0.4265271674781166	125.44564871500484
0.434256087729693	125.47976774915486
0.441423133206654	125.29491145628612
0.4485848612825721	125.6149423924482
0.4563132981340536	125.69496026560086
0.4641912104018296	125.39744669662974
0.4705747029194814	125.5306762313012
0.4786528715463405	125.88427776781909
0.4867338070242508	125.70732187114407
0.4932457847428935	125.58112642557802
0.500990675222687	126.2416316975731
0.5087189891758395	126.33331876708236
0.5158863951545661	126.11423283156743
0.5230472219760701	126.51983787434494
0.5307749378240204	126.6683150327899
0.5387521809774112	126.337401449578
0.5450748553311597	126.39225444396624
0.5531148061922974	126.82962646375232
0.5611426795557803	126.7931825443522
0.5678498149052446	126.65633349910809
0.5754532980992872	127.121632893909
0.5828994620682839	127.21896837062792
0.5903501978551264	126.8822097428797
0.5973261981944848	127.11811724539676
0.6052393304365609	127.38027980159023
0.6132162840961095	127.07685365868524
0.6196101434112453	127.09507702293746
0.6275784122555312	127.6162740892351
0.6356057097525574	127.63450868990611
0.6423129996027783	127.48298979781369
0.6499159209758876	128.00163409024503
0.6573629698128545	128.01495135319607
0.6649755310968133	127.61828611045296
0.6716782374245855	127.9019726748616
0.6797025432251413	128.20426885541434
0.6877483700722771	128.08371600468985
0.6940715427667015	128.0912515518907
0.702040346901488	128.5616227851683
0.7099564060145422	128.5458789419759
0.7169367059046787	128.37354409810823
0.7243776589845177	128.96565350034876
0.7318225448108908	129.18434861917677
0.7394325357640792	129.03173628309264
0.7460840405410822	129.2792743054569
0.7541574972460001	129.8124279044048
0.7622389718379143	129.8521280589291
0.768623510285031	129.88604659092317
0.7764925479997729	130.43117183254748
0.7839375321448094	130.6405315942901
0.7920194368808757	130.6393895615662
0.7985276383435234	130.60390469683483
0.8062714030746219	131.3712998074567
0.8137148141210446	131.73002528256433
0.821163141100635	131.62198290340632
0.8280245829103896	132.13915978978713
0.836042785931056	133.0209149208497
0.8440140207216862	133.26049538174027
0.8503349915278755	133.4771002168681
0.8583671199505232	134.65721277129154
0.8662375599998844	135.06918634080438
0.8726558935742061	135.4392639166419
0.880682998564942	137.09635133107042
0.8884014314924276	138.12624178765373
0.8955622009613777	138.53729245539768
0.9025246754617636	140.05747836836565
0.9104196749332129	142.04134749557917
0.9182782856949728	143.57651192283026
0.9242070256320984	144.3011557629631
0.9313506368556494	147.41276153491378
0.9353548487681708	148.8918598252422
0.940122890183056	150.16347685478974
0.9461768454925384	153.8854601282253
0.9517538101476866	156.9814330220198
0.9507526452442924	153.32205363076702
0.9564165914845404	161.16873570512678
0.9528930643940664	159.00829754897222
0.9619844382541234	167.17117507820916
0.9610828954386468	165.6337828535399
0.9609803507114144	162.51384826182004
0.9609999079321998	160.65689014826643
0.9664822745831276	167.2249907817818
