# Relative Pressure (p/p0)    Quantity Adsorbed
0.09553022283876617	 204.55740530456387
0.1029626588250257	206.7179981662321
0.1109031279749094	208.90787297650672
0.1194488868793433	207.2033990623172
0.1264447422446301	209.079014413652
0.1346556136077926	211.6446270781464
0.1432532762499506	209.892696580544
0.1490535026400684	210.42692892104765
0.1577078787305213	213.1572919916648
0.1662055968795494	212.76130982729728
0.1720254234591607	212.1166747230725
0.1807614012638184	215.55869469477105
0.1889671578475343	214.50918124640907
0.1957758657998704	213.40922991663115
0.2052103351751511	216.85332461576692
0.2131020875243339	216.02691352451689
0.2205740847905948	214.73267025727048
0.2296600549680887	218.70341565525587
0.2370325412859051	218.38586709468385
0.2450242761124956	216.9160379678549
0.2528512718174174	219.6888074516935
0.2600468588055285	220.50448654374415
0.268775150688088	218.5140967765847
0.27625160390305	220.36931805119136
0.2841467198255028	221.92028054709
0.2926077939332759	219.8248668566164
0.2985439317905495	220.2240312725205
0.3071970988323794	222.0998387762256
0.3155274663003189	220.9660541206597
0.3221789711118638	224.34148746664505
0.3302489710143056	223.33477313049752
0.3377009099623988	224.31970282855127
0.3452699190735999	225.76786257992197
0.3539994919431758	224.68287443590543
0.360635869157538	225.20249935320496
0.3693631236763788	222.47890090963503
0.3770499888322933	224.9457518328152
0.3843855334754587	225.9451480394557
0.3938120575877116	223.7735308306312
0.4014977989329305	225.4460723543666
0.4091827622553606	226.56870737079475
0.4189577541301358	223.84822101838083
0.426955204062399	226.41782858103443
0.4343294804438715	227.36549701258468
0.4434065701592276	225.05953177160316
0.4508825361275944	226.57036715274467
0.4587781785907226	228.49348859803308
0.4672389753285174	226.2020298069151
0.473344202242578	226.75928590541025
0.4818291863028832	229.1174157219632
0.4903083099317902	227.33339262632808
0.4961445305630282	226.5215073215916
0.5048802726032044	229.79688895774257
0.5131338369845644	228.87712456238432
0.5198949729037381	227.81406251515023
0.5286307935320746	231.14499026315025
0.535266433982432	231.14387038186285
0.5439946610297592	229.10765507242763
0.5516816990796267	231.69670744167595
0.5593663087553344	232.5693849547822
0.5684430841180486	230.04123526640365
0.5757477750493971	231.6737628423332
0.5838140638442593	233.03082319803912
0.5935892914835159	230.47697518117369
0.6015875098333485	233.58970028190905
0.6089617250906962	234.4941661820208
0.6187384459050029	232.99569429029088
0.6261703317741389	234.7674643690143
0.6341091505726519	235.7908708304542
0.6438858713869582	234.29239893872452
0.6518821686928673	236.0473301942559
0.6592565760546074	237.08757547888783
0.6683331156528398	234.3927874549613
0.6758103940434872	236.83124290398564
0.6837055099659399	238.38220539988424
0.6921671942876655	236.71809093082837
0.6982728134821239	237.55261081452025
0.7067576179123478	239.78377808970345
0.7152376621454208	238.6504380185886
0.7210743767593821	238.18769970261903
0.7298102759758793	241.5741735624681
0.7374931645708716	241.23039122607565
0.7451740648854033	239.48129225989624
0.7534058821763463	243.13782647452604
0.7605466556689047	243.60957548444208
0.7697912204966033	242.12936074508707
0.7767866436270074	243.69947248125092
0.7849975542842498	246.29285820167
0.7926810008551819	246.3434532594069
0.8003618147227369	244.5332535701937
0.8101470230583787	249.03376175818448
0.8184710155295836	249.27141235557
0.8249982248271879	248.41717063222745
0.833901237630793	252.9925303205075
0.8412374031204264	254.4307408107577
0.8499668581077615	253.26243349896689
0.8572736709194442	256.3947060948269
0.8662727068737808	258.76176891531645
0.8728593160772378	259.3690613955798
0.8821177461018268	267.6887678182022
0.8898053971393463	270.71107985987464
0.8980738889051945	272.8618125270041
0.9051817208604718	277.4778033972607
0.9124323803633598	283.43982553320234
0.920638230701372	299.7790957757775
0.9263708964619636	308.5908875788798
0.9330341508272204	319.83971726604
0.935899669134995	337.01327406321275
0.9413289657204108	362.248784031126
0.9436390954248336	376.6303344439275
0.9463018475464716	389.6875574743858
0.9497740397583664	415.0458357768746
0.9488343769031384	398.8625743996374
0.9515252551660796	449.43120293832135
0.9517813015054372	432.9280486408386
0.9552240194148468	477.7132781208775
0.9558177917938022	459.53401615605
0.9571039384695834	500.99180714297904
0.9611897173510172	520.4934910053221
0.9677496062632448	561.8919084718839
0.9760930440649656	567.645322554692
