# Relative Pressure (p/p0)    Quantity Adsorbed
0.9548532731376977	 154.66641206276893
0.8826185101580135	154.01853607305313
0.8306997742663658	152.77870602115485
0.7313769751693002	152.11446263801463
0.7313769751693002	152.11446263801463
0.7832957110609482	152.75006308266214
0.6839729119638824	151.48159009227118
0.6320541760722347	150.84598964762364
0.5801354401805869	150.2103892029761
0.528216704288939	148.97055915107782
0.4808126410835216	150.15037542708666
0.4311512415349887	148.9119093246404
0.3814898419864561	150.09036165119718
0.3318284424379234	148.2476659415002
0.2844243792325058	148.2190230030075
0.2325056433408578	148.18765216561073
0.1805869074492101	148.15628132821396
0.1286681715575621	148.1249104908172
0.085778781038375	148.09899545122855
