# Relative Pressure (p/p0)    Quantity Adsorbed
-0.0022522522522523403	 9.59027890165612
0.0067567567567565	20.374116631601737
0.0045045045045042	29.354803905702056
0.0045045045045042	38.93564222905525
0.0045045045045042	47.917678157199134
0.0045045045045042	58.09731887576197
0.0022522522522521	67.0780061498624
0.0045045045045042	77.85779791767811
0.0022522522522521	86.83848519177855
0.0045045045045042	96.42067216917508
0.0045045045045042	105.40270809731884
0.0022522522522521	113.78459297620964
0.0	120.96887306468147
0.0045045045045042	128.75600151049252
0.0045045045045042	131.15121109133077
0.0045045045045042	132.9476182769596
0.0045045045045042	135.94163025300747
0.0135135135135133	140.7374440308572
0.0225225225225222	144.9344554134973
0.0608108108108105	148.55019690349036
0.0608108108108105	148.55019690349036
0.0675675675675675	149.15304526082969
0.0923423423423421	149.76668285051517
0.1463963963963961	150.99665533797258
0.2049549549549547	152.22932513351668
0.2522522522522523	154.05405405405395
0.3040540540540539	154.68387549225872
0.3536036036036034	156.50995306683933
0.4031531531531529	158.33603064141982
0.4504504504504503	159.56195716674756
0.5022522522522521	160.79058100016186
0.5518018018018018	162.0178561795327
0.6036036036036037	163.84528240815666
0.6531531531531529	165.67135998273716
0.7027027027027026	167.49743755731788
0.7567567567567566	169.92501483519436
0.8018018018018018	172.34719749689805
0.8513513513513511	174.7720774666882
0.9031531531531528	177.7971084857312
0.9549549549549547	179.62453471435504
0.9932432432432432	182.0426714139287
