# Relative Pressure (p/p0)    Quantity Adsorbed
-0.0008612270208756545	 101.21268556003548
0.0001590639015687	123.62002949562344
0.0001157624300591	117.88249670627698
-0.0003984425441172	112.62361650219816
-0.0003041716321847	107.00799588930442
-0.000415582709923	95.34262774998
0.0002250309870714	89.37350357744384
-0.000415582709923	83.24491057937252
0.0002250309870714	77.06984723299729
-1.45028300655e-05	69.18754592783063
3.00616010295e-05	54.6791925247004
4.3168786646e-05	36.67520416088803
4.3168786646e-05	8.530425638210318
0.001886912896666	130.4840602334056
0.0010413313835764	62.84155064093602
0.000908243037319	45.86435500583525
0.0006242540156333	27.20040378675208
0.0077397081805121	135.4300658334123
0.0213197057288176	137.8988422950314
0.0324284030072943	139.26217607322678
0.0856574327769499	140.5136249258075
0.0984431802697609	140.6321172025307
0.1477142407543958	141.00248477967355
0.1562283925899668	141.71079634008404
0.1981932318713504	141.49757820097662
0.2070318440385798	142.27828599889548
0.2477128032812658	142.36251027328746
0.2571668290207636	142.72608448174404
0.2995161457468906	142.62536902586373
0.3079702804693764	143.2935741405555
0.348449638714251	142.98999297827555
0.3567683325187021	143.7405648089431
0.3975841085277269	143.7476846638489
0.4062348510344569	144.30724665329362
0.4480975634945803	144.4518286123342
0.4563698360166406	144.99361967360696
0.4965171455592365	145.00735251944295
0.5051678880659662	145.55989761072695
0.5473205970078494	145.60641821997763
0.5559713395145791	146.18703090390454
0.5966141006734698	146.30701827850305
0.606106324496763	146.78393847266858
0.6474026973117175	146.7293661179739
0.6562413094789468	147.38084604143265
0.6970570854879719	147.75986149885696
0.7057078279947016	148.24574605761404
0.7351203525175827	148.91959795378278
0.7489822360845866	148.4288506687608
0.7977989141345248	149.36795873885416
0.805977797959069	149.85706663570542
0.8467935739680943	150.18696380600463
0.855444316474824	150.84125392061918
0.8963878875436073	151.18657777320374
0.9049108349905786	151.82544120553297
0.9463557559091836	151.8450613052434
0.9543773535063332	151.55711216875687
