# Relative Pressure (p/p0)    Quantity Adsorbed
0.9932432432432432	 437.7312941684199
0.9549549549549547	430.5227383071695
0.9099099099099096	429.29816043588494
0.8513513513513511	427.4666882451314
0.8085585585585584	425.045854237471
0.7590090090090089	423.8185790581
0.7049549549549547	422.5886065706425
0.6599099099099097	421.3640286993581
0.6081081081081079	418.9378000755247
0.5608108108108105	418.3106759454065
0.5112612612612613	416.484598370826
0.4639639639639639	414.6598694502887
0.4144144144144142	413.4325942709177
0.367117117117117	411.6078653503804
0.3130630630630631	410.3778928629229
0.2635135135135134	406.7554081027135
0.2139639639639639	397.14489939040845
0.162162162162162	390.5270540001079
0.1216216216216214	389.9039758321196
0.1058558558558557	389.8945352538167
0.0923423423423421	389.8864433295571
0.0765765765765764	389.8770027512543
0.0472972972972971	388.6618654582728
0.029279279279279	388.65107622592666
0.0202702702702701	388.6456816097536
0.0202702702702701	384.45406484328646
0.0180180180180178	375.47068026109946
0.0180180180180178	366.4886443329558
0.0180180180180178	356.30900361439285
0.0202702702702701	347.32831634029253
0.0180180180180178	337.14732696768624
0.0180180180180178	328.1652910395426
0.0202702702702701	318.5858013702326
0.0180180180180178	310.20121918325515
0.0180180180180178	300.62038085990184
0.0202702702702701	291.6396935858015
0.0180180180180178	282.0575066084048
