# Relative Pressure (p/p0)    Quantity Adsorbed
0.09369764989723794	 116.79956225847269
0.1053202466267531	116.89218136178658
0.1202863300866758	117.27750342078838
0.1360484818157439	117.56447703344828
0.1608858118130629	117.93292760165532
0.1757609160422268	117.9976913355514
0.1919324743097124	117.95785499190129
0.2091275489232411	118.16059776590156
0.2263226235367699	118.22574134574438
0.2519560218032337	118.6714430833419
0.2642950799749788	118.67327109195998
0.300118152086497	118.81037173831272
0.3194626110267169	118.51290488137766
0.3352247627557849	117.97729835629303
0.3640424340988284	118.5625750145344
0.3796453721740676	118.55976837504004
0.3896758323652927	118.2985293252625
0.4140355214011251	118.40820984234472
0.4297976731301931	117.7702823153934
0.4455598248592611	118.05162945996932
0.4627548994727899	118.32545090672808
0.4893435796622278	118.73156425566845
0.507334722544901	118.641788721316
0.5260900909659538	118.0945235634897
0.5427938777333816	118.8531993687924
0.5573278098471977	118.47401815259406
0.5773887302296479	118.77152655517943
0.5942255741220612	118.50006727540092
0.6060471879188625	119.06629294483776
0.6339891841658467	118.65681901439764
0.6447361057993022	118.66047503163372
0.6681405129121605	118.67875511781403
0.68055917791082	118.69024545769884
0.7063517898311131	118.53184969796462
0.7185316343490293	118.71897130741088
0.7490210490572773	118.34240153209544
0.7638279188633712	117.75662632604912
0.7746544473237416	118.09744837727855
0.7980588544365999	118.18685461696066
0.8095222375122857	118.1376645668754
0.8324490036636574	118.02333093694727
0.8478529246716109	117.38198611538604
0.8766649098127308	118.27345949278669
0.8906256727727628	117.07710619550828
0.9069609936556148	117.97945873011436
0.9227231453846828	117.69528648131052
0.9400284448354777	117.37552558920169
0.954247448842819	118.16320920678449
0.974499425609864	117.2912965767245
0.9888423013390856	118.04574184779692
0.9905481619158244	116.2962505523068
0.9991456992225888	117.17735070620024
