# Relative Pressure (p/p0)    Quantity Adsorbed
0.09778944080064234	 109.0897531110428
0.1002254097042256	108.09824123661986
0.1159875614332937	108.92506359616254
0.1323228823161462	109.6447365274786
0.1475118648914297	109.93683306244476
0.1621097667768736	109.98505079853636
0.1791555785899374	109.85312950993476
0.1947983200786338	109.8930133343282
0.2115524953430974	110.2862269363618
0.2263226235367699	110.1821710611813
0.2416071343043508	110.46551239697692
0.2578469269949059	110.5112126124278
0.2736090787239735	110.6109221734116
0.2893712304530416	110.77627386204313
0.3051333821821096	110.73057364659212
0.3208955339111776	110.76048651488723
0.3366576856402457	110.87016703196946
0.3677043481368951	111.09617537019938
0.383705320346706	111.13273554256024
0.3997062925565178	111.21499593037174
0.4157072647663291	111.30639636127364
0.4312305960146538	111.17926667101926
0.4475897989455806	111.33381649054422
0.4627548994727899	111.17926667101926
0.4780394102403709	111.34295653363426
0.4942792029309255	111.2091795393144
0.5100413546599936	111.44552812831296
0.5263546305753928	111.56583296898724
0.5421167823044608	111.56583296898724
0.5579248610490564	111.40693683526558
0.5730899615762657	112.4361056872201
0.5894491645071924	111.4252169214459
0.6056062885697973	111.51521119187235
0.6200352446481219	112.28046381059868
0.6361385684925378	111.27897623200306
0.6519007202216058	111.27897623200306
0.6676628719506739	111.27897623200306
0.6834250236797415	111.28894718810147
0.6989483549280662	111.40693683526558
0.7147105066571342	111.4252169214459
0.7304726583862022	111.40693683526558
0.7467124510767573	111.40693683526558
0.7623551925654533	111.41607687835574
0.778356164775265	111.40693683526558
0.7943571369850759	111.41607687835574
0.8095222375122857	111.27897623200306
0.8252843892413537	111.29891814419976
0.8409271307300497	111.5166173523478
0.8564780181876914	111.61645474610192
0.8726902546689295	111.57145761088896
0.8885718166383687	111.5348974385281
0.9045727888481808	111.74511842960236
0.920334940577249	111.75425847269253
0.9363910252056932	111.94549629734854
0.9519786542757562	112.06501993775872
0.9829059065320336	112.59514243698924
