# Relative Pressure (p/p0)    Quantity Adsorbed
1.0024259415725743	 891.1351784997992
0.9827135364363015	889.129562775772
0.9564342807615468	887.1239470517448
0.9317848842005853	883.11271560369
0.908765346753416	877.0958684316083
0.884127803713282	875.0902527075809
0.8561949818830792	871.0790212595266
0.833163590915083	863.0565583634175
0.8068961887611561	863.0565583634175
0.7822586457210221	861.0509426393901
0.7592509617946805	857.0397111913355
0.7346134187545466	855.0340954673081
0.708310456038137	849.0172482952264
0.683661059477175	845.0060168471721
0.6590235164370406	843.0004011231447
0.6327205537206311	836.983553951063
0.6080711571596695	832.9723225030082
0.5801501888502942	830.966706778981
0.5571306514031256	824.9498596068993
0.5357765336322324	822.9442438828719
0.507831858281202	816.9273967107902
0.48154074908562	812.9161652627354
0.4585330651592785	808.904933814681
0.4306002433290761	804.8937023666265
0.4059508467681145	800.8824709185719
0.3845611684347387	792.8600080224626
0.3599236253946047	790.8543922984356
0.3270538121397126	784.8375451263535
0.3089712661172328	780.8263136782991
0.2826683034008233	774.8094665062174
0.2563534871635857	766.7870036101081
0.2284088118125558	760.7701564380263
0.2053892743653866	754.7533092659446
0.179062604607322	744.7252306458081
0.1560549206809809	740.7139991977535
0.1329998226713291	728.6803048535901
0.1066612993924365	716.6466105094262
0.0786573564372683	700.6016847172082
0.0588738301760303	686.5623746490173
0.0555429908234788	678.539911752908
0.0273019774517591	622.3826714801444
