# Relative Pressure (p/p0)    Quantity Adsorbed
0.9173913043478259	 593.5553109521188
0.8829710144927536	593.4899559713813
0.8358695652173909	591.818244358833
0.8068840579710144	591.7632085855805
0.7724637681159421	593.2801320858557
0.7434782608695651	593.225096312603
0.7434782608695651	593.225096312603
0.7090579710144924	593.1597413318657
0.6547101449275363	593.056549257017
0.6275362318840583	589.8403962575674
0.5858695652173913	591.3435608145292
0.5351449275362317	589.6649697303246
0.4916666666666667	591.1646945514583
0.4590579710144928	591.1027793065491
0.4590579710144928	591.1027793065491
0.4282608695652175	589.4620253164555
0.3630434782608698	589.3381948266372
0.3630434782608698	589.3381948266372
0.3105072463768117	584.491607044579
0.2996376811594206	586.0532471106221
0.2688405797101447	585.9947716015413
0.257971014492754	582.8095762245459
0.2307971014492755	582.7579801871216
0.1927536231884059	579.5211887727023
0.163768115942029	574.7193175564119
0.1365942028985509	574.6677215189875
0.1148550724637682	571.4618877270225
0.1057971014492755	569.8624105668682
0.0297101449275363	544.4014859658778
0.0297101449275363	544.4014859658778
0.0659420289855075	560.2930654925701
0.0079710144927536	525.3728673637861
0.0188405797101451	533.3048981838194
0.0188405797101451	533.3048981838194
0.009782608695652	511.1358007705008
0.0061594202898556	503.217528893781
0.0043478260869567	479.4799119427628
0.0025362318840582	455.7422949917448
