# Relative Pressure (p/p0)    Quantity Adsorbed
-0.010109652399250102	 79.7865757206531
-0.0101096523992501	59.82512783583388
-0.0058108837458679	95.86387810390772
-0.0029450379769464	98.47228021924376
0.001592551157179	20.383075708765205
0.0051151532481448	103.64848742519064
0.0187750562717212	105.44185608167344
0.0325596068269136	107.70325596707823
0.0480132821016878	108.84372600116284
0.0597851416316674	110.1395175267604
0.0744327977839325	111.14935380272414
0.0888515843088186	112.99159180602578
0.1062436858189608	112.3658796894772
0.1293853904030015	112.88435516236984
0.1459946524255304	113.24075206891212
0.1615724206952005	114.048822766468
0.1757178206171303	113.51219342703746
0.1927040481705755	113.0207403408807
0.2084661998996435	113.32072124230206
0.2240538289697071	113.32634588420376
0.2392189294969164	113.54238326633538
0.255735251165174	114.30833928568222
0.271728367438119	115.01672612720893
0.2852771650688681	114.50201656968932
0.3015988390671067	114.67972222017032
0.3176082402350619	115.80329756164292
0.3343650090251087	115.00908875072672
0.349132543693198	115.49994029955052
0.3673001904002522	114.72758479795232
0.3828182728468019	114.69191184589158
0.398273369672057	114.92732018428136
0.4140355214011251	114.74886895423936
0.4302753140916797	115.27783213198688
0.4467880444745131	115.25676029114844
0.4766626804102025	115.82772221460664
0.4948933127385517	115.19248153913044
0.5110834803941469	115.02805572499392
0.5266990831918497	115.49291693170552
0.5425576816535256	115.2443487726664
0.5585219122509146	115.95606685329324
0.5705107003842365	116.55718572532692
0.6073498450865542	115.506724925374
0.6218093396479305	115.0976783216238
0.638144660530783	114.92686898532872
0.6530807743617495	115.1146196370414
0.6696928460369933	114.91925228275386
0.6854549977660613	115.01725385588723
0.6993918786780182	115.13100075948716
0.7083578818693583	114.1526057795561
0.7199094448148573	114.67569747640972
0.7361415024291129	116.09722210522727
0.7412195800196577	114.75219260627205
0.7557876293450083	114.96023739661052
0.7715020169779279	115.39747964843887
0.7856904674338869	115.2727764740672
0.802357623089982	114.78764489462183
0.8184214427947261	114.81200834691629
0.8338819265481181	114.67907226155056
0.8510770011616469	114.67907226155056
0.8660331337682057	115.2631210150132
0.8826013046197829	114.86923263856966
0.8977902871950665	115.0381279733448
0.9141256080779184	114.83860755912464
0.9298877598069866	115.08788146158416
0.9456499115360546	115.26137609769592
0.9625265588419256	116.01953937475275
0.9771742149941902	116.52194868301352
0.9933184794924484	117.0647453753291
