# Relative Pressure (p/p0)    Quantity Adsorbed
0.9867269609064655	 7.7597074214684625
0.9669310036499026	5.455798068043567
0.9535846733410532	4.580041336245436
0.9447164362879464	3.866331481508624
0.90434030577095	2.732589671801932
0.8480233359229561	2.2167660984154445
0.800706527315636	1.83022822884449
0.7488090177511324	1.7361955995954297
0.6924773896600753	1.2853080429779666
0.6496093578223714	1.1906890840063935
0.5977045191363362	1.129124463141849
0.5412995998299643	1.0029169903695347
0.4894094193869924	0.8764163527359585
0.4510781137772826	0.6841002037495727
0.3991659459697161	0.6550035912695478
0.3427610266633443	0.5287961184972332
0.2479661687750106	0.4700165638146529
