# Relative Pressure (p/p0)    Quantity Adsorbed
0.9827734711455639	 16.624203821656124
0.9612403100775192	12.802547770700698
0.9461670973298878	11.52866242038226
0.8901808785529713	7.388535031847141
0.8363479758828595	4.840764331210153
0.7954349698535744	4.203821656050991
0.7416020671834623	3.2484076433121345
0.6920757967269592	3.2484076433121345
0.6339362618432384	2.9299363057325536
0.5930232558139533	2.6114649681529727
0.5391903531438412	1.9745222929936967
0.5025839793281653	2.292993630573278
0.4422911283376399	2.9299363057325536
0.3863049095607233	2.6114649681529727
0.3410852713178295	1.6560509554141165
0.289405684754522	1.9745222929936967
0.1946597760551248	2.292993630573278
0.1494401378122307	1.9745222929936967
0.1106804478897501	1.9745222929936967
0.0740740740740741	2.6114649681529727
0.0374677002583979	2.292993630573278
0.0137812230835486	2.292993630573278
