# Relative Pressure (p/p0)    Quantity Adsorbed
0.9924162447133648	 337.42742077378756
0.9744221357679548	323.8564902608618
0.9564850475389858	320.8914130059368
0.9251073618632414	317.9752106508183
0.866856627110581	316.6718799893128
0.866856627110581	316.6718799893128
0.8287749343447178	316.8103588720977
0.8130942373234799	316.8673795885386
0.8130942373234799	316.8673795885386
0.7839810886721014	318.4883970987861
0.7503795950551634	318.6105843483022
0.7234984001616128	318.70833414791514
0.7055776035659126	318.7735006809904
0.6764563090978996	318.87939629723775
0.6540471675366398	317.44573256958165
0.6118599831870345	317.85166576519634
0.6118599831870345	317.85166576519634
0.5875854496164948	316.67731053373564
0.5633177042264842	316.7655568806084
0.5353096713651738	315.6047780102051
0.5091819645103061	316.96241411594
0.4811807198295242	317.0642368238701
0.4326452290495027	317.2407295176156
0.4102442333048771	317.32218768395967
0.3803558744371241	313.6429938374182
0.3803558744371241	313.6429938374182
0.3392941704191728	315.05493538738244
0.3392941704191728	315.05493538738244
0.315026425029162	315.1431817342552
0.2870251803483804	315.24500444218535
0.2328690760906161	311.65405694251666
0.2067277928746913	310.48648989158465
0.2067277928746913	310.48648989158465
0.1600183226568831	303.0805849348009
0.1600183226568831	303.0805849348009
0.1880535082403082	309.2917701185379
0.1133088524390747	295.67467997801714
0.1133088524390747	295.67467997801714
0.1375969623706716	299.37423836614465
0.1375969623706716	299.37423836614465
0.0871607810426211	293.24451134875176
0.0422909077480836	280.78141189810566
0.0422909077480836	280.78141189810566
0.057252057633282	285.7775127672099
0.0291829311472134	273.2533196918058
0.0235691058499998	270.74848107672494
0.0160545900047572	261.9374227505056
0.008472192354228	240.500348640952
0.0027769088906702	222.84429108586997
0.002634357099568	196.32965794086783
0.0006182674825517	168.55921139806105
0.0004621393303922	139.51937509639208
0.0020098444909301	80.1703127341923
-2.66096676722e-05	48.61206145638505
-2.66096676722e-05	48.61206145638505
0.0035575496514677	20.82125037199239
