# Relative Pressure (p/p0)    Quantity Adsorbed
0.989805510482037	 476.8308537467498
0.9917062010300658	483.1370734578884
0.9917062010300658	483.1370734578884
0.9784964017212656	456.6699575765871
0.9635284636555383	450.4112551291493
0.9392403537239414	446.71169674102174
0.8701298877615081	439.38724995058215
0.8701298877615081	439.38724995058215
0.8514556031271246	438.19253017753545
0.8122538605740305	438.3350819686376
0.7842390395321913	435.9117015199009
0.7599645059616517	434.73734628844016
0.7319632612808701	434.8391689963703
0.7076955158908592	434.9274153432431
0.6815610208554629	435.0224498706445
0.6591600251108375	435.10390803698857
0.6031303830271594	430.2571471395151
0.6330051655338552	431.4111378293897
0.5825893487473904	429.0692155469971
0.5583216033573798	429.1574618938698
0.5097793243968295	428.071353009282
0.5097793243968295	428.071353009282
0.5303135704960694	427.9966830234665
0.4817780797160477	428.1731757172121
0.4593770839714225	428.25463388355615
0.4351093385814116	428.3428802304289
0.4108280168303432	425.90592342063474
0.3865602714403325	425.9941697675075
0.3566787007531079	423.5775774992994
0.3380044161187249	422.3828577262528
0.3118699210833285	422.4778922536542
0.2857218496868751	420.0477236243888
0.2633140657617207	418.8665802123994
0.2371727825457957	417.6990131614675
0.2072844236780426	414.01981931492594
0.1848698515723599	411.5760743246032
0.1344268820637807	404.1837457288768
0.1344268820637807	404.1837457288768
0.1568346659889347	405.3648891408661
0.1101251957711265	397.95898418408245
0.0820900101877013	391.7477990003454
0.0596618617209614	386.7788508533557
0.0465742496616772	383.0385633820562
0.0372065605321064	376.7594963930324
0.0128098397120509	352.85831275157
0.0128098397120509	352.85831275157
0.0107801737339773	322.5626630520963
0.0107801737339773	322.5626630520963
0.01086842008085	338.97648357043084
0.0049151857572026	273.3415660386786
0.0050237966456613	293.54319129201343
0.0050237966456613	293.54319129201343
0.0029601897649444	256.9345337008725
0.0029601897649444	256.9345337008725
0.0062931864045234	182.4274642181429
0.0062931864045234	182.4274642181429
0.0008354892594694	208.96246190473084
0.0047047521608136	234.20091711034215
0.0043381904122652	166.0204318803369
0.0041820622601057	136.98059557866804
-0.0015607384671526	110.48632697525191
