# Relative Pressure (p/p0)    Quantity Adsorbed
0.9753209384683501	 456.29574854342445
0.94212040725985	452.6207739189149
0.9006197432492264	450.6575270187486
0.8480522355024354	448.6383869683996
0.8093182824258527	448.4427609427603
0.7512173528109791	448.14932190430136
0.7124833997343964	447.9536958786621
0.6571491810535646	447.674230127749
0.6045816733067735	445.6550900774009
0.5437140327578582	447.10132533837714
0.5077467906153172	445.1660250133027
0.4579459938025678	446.6681534244608
0.410911907923861	444.6769599492045
0.3611111111111125	446.1790883603626
0.3057768924302797	447.6532701964306
0.267042939353697	443.9503489968301
0.2061752988047818	441.8892890838442
0.1508410801239499	443.3634709199123
0.0180389552899526	367.2859068775406
0.0180389552899526	367.2859068775406
