# Relative Pressure (p/p0)    Quantity Adsorbed
0.9667774086378742	 449.57983193277323
0.9269102990033228	449.5798319327732
0.8903654485049834	443.2773109243699
0.8504983388704321	447.4789915966394
0.7940199335548179	443.2773109243699
0.7441860465116275	443.2773109243699
0.691029900332226	443.2773109243699
0.6411960132890364	441.17647058823513
0.588039867109635	441.17647058823513
0.5481727574750828	443.2773109243699
0.4916943521594685	441.17647058823513
0.4418604651162789	443.2773109243699
0.3953488372093021	441.17647058823513
0.3455149501661125	443.2773109243699
0.2956810631229238	443.2773109243699
0.2458471760797334	443.2773109243699
0.2026578073089702	441.17647058823513
0.1727574750830562	443.2773109243699
0.1495016611295678	443.2773109243699
0.1196013289036548	439.0756302521013
0.0930232558139527	439.0756302521013
0.073089700996678	430.6722689075632
0.0531561461794014	424.3697478991599
0.043189368770764	418.0672268907556
0.0299003322259139	405.4621848739498
0.0199335548172756	388.6554621848736
0.0066445182724246	350.84033613445354
0.0033222591362127	338.2352941176477
0.0	323.5294117647063
0.0	308.82352941176487
0.0	298.319327731092
0.0	281.5126050420168
0.0	268.90756302521004
-0.0033222591362127	254.2016806722686
-0.0033222591362127	239.49579831932715
-0.0033222591362127	222.68907563025184
-0.0033222591362127	203.78151260504276
-0.0033222591362127	191.17647058823516
-0.0033222591362127	170.16806722689125
-0.0033222591362127	151.2605042016803
-0.0033222591362127	134.45378151260502
-0.0033222591362127	121.84873949579833
-0.0033222591362127	109.24369747899163
-0.0033222591362127	92.43697478991544
-0.0033222591362127	75.63025210084015
-0.0033222591362127	58.82352941176396
-0.0033222591362127	42.01680672268867
-0.0033222591362127	29.41176470588198
-0.0033222591362127	16.806722689075286
-0.0033222591362127	2.1008403361338424
