# Relative Pressure (p/p0)    Quantity Adsorbed
0.003866132207490325	 22.556390977443698
0.0045302530774885	43.60902255639098
0.0020635184174947	65.41353383458647
0.0026564834799932	84.2105263157896
0.0064751784824836	105.26315789473676
0.0071867365574819	127.81954887218046
0.0075662341974809	139.8496240601504
0.0077085458124805	144.3609022556392
0.0078508574274802	148.87218045112786
0.0208249329949476	160.1503759398497
0.0272763928749316	164.66165413533838
0.0399421266099	166.16541353383468
0.0590118830198523	170.67669172932335
0.0875216432247811	174.43609022556393
0.1128293920922178	176.69172932330832
0.1349825668271623	178.94736842105272
0.1634686084295912	181.9548872180452
0.1918834942245201	182.7067669172933
0.2171675244894568	184.21052631578948
0.2613315623443466	184.21052631578948
0.2865918740067835	184.9624060150377
0.3213159080666968	185.71428571428575
0.3718839685965701	188.72180451127824
0.4255354474514362	189.4736842105264
0.4981618083062545	191.72932330827075
0.5770735988235572	193.2330827067669
0.6591162448708524	193.98496240601503
0.7411826095206472	195.48872180451133
0.8232015369654423	195.48872180451133
0.905244183012737	196.24060150375945
0.9904414031925244	196.99248120300763
1.003249448542492	203.0075187969926
