# Relative Pressure (p/p0)    Quantity Adsorbed
0.9810013993975474	 197.74436090225572
0.8989350347477526	196.24060150375945
0.7948340883755128	196.24060150375945
0.6938639975332653	195.48872180451133
0.5960484808235099	194.73684210526324
0.4982566827162543	194.73684210526324
0.4035245843314911	191.72932330827075
0.3024596190792438	187.96992481203017
0.2108820948269727	184.9624060150377
0.1350537226346622	181.203007518797
0.1034605441047411	179.6992481203008
0.0208723701999475	161.6541353383459
0.0012333673299967	139.0977443609023
0.0026802020824931	84.96240601503769
-0.005597590189986	22.556390977443694
