# Relative Pressure (p/p0)    Quantity Adsorbed
0.000024116053871203746	 2.1156581209265255
0.0139928764887025	2.992493105282051
0.0279616369235333	3.869328089637492
0.050352465402738	4.30094361790276
0.0727711200979484	4.070295205233776
0.1007828442102918	4.057927998120164
0.123155121878826	4.931052820341563
0.1539587429970688	5.13820353949464
0.1791692946981782	5.127073053092374
0.2043798463992876	5.115942566690109
0.2491707787630319	5.758418976242581
0.3023837791711499	5.955675929704768
0.3555875041739325	6.373687530145048
0.4031888843542464	6.794172572008051
0.4592030571735985	6.990192804758891
0.5152265053982861	6.965458390531666
0.5600267131673655	7.387180153106016
0.6076002671316736	8.469929135903243
0.6580120951285573	8.668422810076748
0.7084146477201054	9.087671131228404
0.7560067524950842	9.728910820069473
0.8036359588914037	9.487131920998252
0.8512002374503767	10.790635550773544
0.87919341075205	11.219777637616062
0.9043854116424888	11.650156445169957
0.9211738952992248	12.084245414857946
0.9435647237784291	12.515860943123188
0.968738173858198	13.38774904463324
