# Relative Pressure (p/p0)    Quantity Adsorbed
0.0060240963855417995	 -1.3358778625953391
0.0331325301204818	-1.3358778625953391
0.0662650602409633	-1.3358778625953391
0.1325301204819271	-2.671755725190792
0.1596385542168672	-1.3358778625953391
0.1987951807228909	-1.3358778625953391
0.2740963855421681	0.0
0.3192771084337349	1.3358778625955663
0.3704819277108431	1.3358778625955663
0.4156626506024095	0.0
0.4427710843373491	259.1603053435115
0.5662650602409638	289.88549618320616
0.6204819277108431	295.22900763358786
0.6716867469879517	301.9083969465649
0.6957831325301203	303.2442748091604
0.7499999999999996	307.25190839694665
0.7921686746987953	305.9160305343512
0.8132530120481922	308.58778625954204
0.8433734939759039	308.58778625954204
0.8644578313253009	309.92366412213744
0.8644578313253009	309.92366412213744
0.891566265060241	308.58778625954204
0.9246987951807228	312.59541984732834
0.9457831325301204	316.6030534351146
0.9728915662650603	316.6030534351146
0.9939759036144572	319.2748091603054
