# Relative Pressure (p/p0)    Quantity Adsorbed
0.0020294372294372143	 3.272727272727252
0.0153904761904761	3.9272727272727215
0.026791341991342	3.272727272727252
0.0534580086580085	3.272727272727252
0.0896623376623376	3.5999999999999943
0.1163290043290042	3.5999999999999943
0.141090909090909	3.5999999999999943
0.1696623376623376	3.5999999999999943
0.1925056277056276	3.272727272727252
0.2153627705627705	3.272727272727252
0.2382199134199133	3.272727272727252
0.266791341991342	3.272727272727252
0.2858112554112554	2.6181818181818244
0.3143688311688312	2.290909090909082
0.3391307359307359	2.290909090909082
0.3638926406926406	2.290909090909082
0.3829541125541126	2.6181818181818244
0.4077021645021644	2.290909090909082
0.4362458874458874	1.6363636363636545
0.4667220779220778	1.6363636363636545
0.4838649350649349	1.6363636363636545
0.5048311688311687	1.96363636363634
0.5353073593073591	1.96363636363634
0.5600415584415583	1.3090909090909122
0.5867082251082253	1.3090909090909122
0.6095515151515151	0.98181818181817
0.6362735930735929	2.290909090909082
0.6666943722943722	0.98181818181817
0.689565367965368	1.3090909090909122
0.7105177489177489	1.3090909090909122
0.7372121212121213	1.96363636363634
0.7562597402597403	1.96363636363634
0.792477922077922	2.6181818181818244
0.832477922077922	2.6181818181818244
0.8534303030303029	2.6181818181818244
0.8763012987012985	2.945454545454538
0.9087238095238094	3.9272727272727215
0.9278129870129868	4.9090909090909065
0.9393662337662336	7.854545454545459
0.9565922077922075	9.8181818181818
0.9661852813852811	11.454545454545451
0.9817281385281386	18.654545454545456
0.9917783549783546	31.09090909090908
0.9959619047619044	39.92727272727272
