# Relative Pressure (p/p0)    Quantity Adsorbed
0.027625726990007538	 211.20698469014945
0.0403622950553996	213.3048795488246
0.0481475624837579	217.13089879216452
0.0558987491800261	217.32732006789763
0.0768072548780737	222.1082795492616
0.0845604104749579	222.51438874059232
0.1058437729736069	224.89426610771943
0.1195685260076612	226.42553168318096
0.1310980954907004	226.9480716561733
0.152471871155729	228.3761183981539
0.1603300816640495	229.38974281286977
0.1792394969367125	229.86113378380665
0.1865725891498051	230.87691907811
0.205253530694803	231.20061884032685
0.215993652287066	232.29362120225585
0.2311772887970333	232.5996508627545
0.2378633252619905	233.6305672252608
0.257401736567933	233.574245208435
0.2684690415222328	234.2428328120368
0.283175791551585	234.54844994097775
0.2983811891012171	235.0558637568572
0.3076744540991316	235.88767017641567
0.3322869454900447	236.71011530293583
0.3404221082506917	236.7214599207705
0.3583120978836095	237.45544380306467
0.3698390460723762	237.69881593604515
0.3841756349728339	238.2603960048816
0.4085574704343641	238.9185342414248
0.4199238149311028	238.98694572473107
0.4342587708941449	239.374617958806
0.4477516468151838	240.01784489842248
0.4602330014235653	239.83158386683425
0.4760740009039685	240.8111946501812
0.4866366995488225	240.64337452069717
0.5094994440269314	240.92640882091808
0.5212862564026897	241.63746098247543
0.5354787662011016	241.592205288386
0.5512021855209523	242.85322586042787
0.561200108819057	241.9910349049904
0.5846040327454816	242.54838883924012
0.596405502835925	242.72757562350108
0.6106528619537983	242.94267380873995
0.6258238157628015	243.85138034173275
0.6361488274752038	243.05851187679133
0.6609916497635657	243.61087444363704
0.6759030842007598	244.55371531859032
0.6867795316062195	243.88721240971887
0.7099810098262769	244.6271287470328
0.7231974208484471	244.9241342797083
0.7358518880820502	244.78957230336363
0.7600613439707591	245.4429614686821
0.7732787519441935	245.84614231100147
0.785105254237999	245.43561787806985
0.8100401265968056	246.0243903215256
0.8350234937563945	246.4293061817736
0.8595245392619375	246.85958255984335
0.8847631937649914	247.24474461305653
0.9092085877344208	247.79432259188832
0.9340632703050642	247.981984784112
0.9588912987534012	248.5866238259381
0.9850836896860684	249.1914747007704
0.9985672632918852	249.67933397801372
1.005556089325732	249.62771596686588
