# Relative Pressure (p/p0)    Quantity Adsorbed
0.9363057324840767	 2.369139409032134
0.8821656050955415	2.2929337675398687
0.8152866242038217	2.197691681432881
0.761146496815287	2.1214860399406152
0.7165605095541403	2.0642569800296924
0.6656050955414015	1.9505172166084
0.6114649681528663	1.930702552559743
0.5668789808917198	1.8546765001676155
0.5191082802547773	1.7973875772233132
0.4649681528662421	1.6459939658062348
0.4299363057324843	1.6453354724390588
0.3853503184713376	1.569309420046932
0.337579617834395	1.474426512140223
0.286624203821656	1.4358747186437428
0.229299363057325	1.2844212441932852
0.1847133757961783	1.1895981993199565
0.1337579617834396	1.075858435898664
0.0859872611464969	0.924584550548346
