# Relative Pressure (p/p0)    Quantity Adsorbed
-0.00408997955010193	 5.4693042861317736
-0.0015337423312882	13.124973915946612
-0.0015337423312882	17.376674596218663
-0.0015337423312882	25.880075956762997
-0.0015337423312882	32.68279704519841
0.0010224948875259	42.0391469471225
0.0010224948875259	46.29084762739456
0.0010224948875259	50.54254830766672
0.0010224948875259	55.64458912399323
0.0010224948875259	62.44731021242853
0.0010224948875259	70.95071157297275
0.0010224948875259	78.60377279746251
0.0010224948875259	86.25683402195239
0.0061349693251537	93.91511205709276
0.0061349693251537	98.1668127373648
0.0061349693251537	102.41851341763696
0.0112474437627811	108.37611118066866
0.0138036809815953	113.48076040232048
0.0291411042944784	131.3535536914153
0.0572597137014319	140.73598764659232
0.0828220858895707	145.8641125161721
0.0981595092024543	146.73010308417838
0.121165644171779	150.15493927632406
0.1365030674846625	151.02092984433045
0.1518404907975461	154.43794082049988
0.1748466257668712	157.86277701264555
0.1927402862985685	159.58171612203182
0.2643149284253581	163.90645215141285
0.3001022494887526	163.94296982596734
0.3512269938650307	166.5461583406369
0.3997955010224947	166.59571804181803
0.453476482617587	167.50083468970422
0.502044989775051	168.4007345269398
0.5480572597137012	170.1483660949043
0.6017382413087935	170.20314260673604
0.6528629856850716	171.95599098535126
0.7014314928425356	172.85589082258684
0.7474437627811863	172.90284211844255
0.8036809815950914	172.9602270355996
0.8215746421267891	173.8288260089313
0.8522494887525558	174.7104670088895
0.8752556237218809	174.73394265681736
0.8982617586912061	175.60775844079978
0.9544989775051124	176.51548349401128
0.9953987730061348	176.55721797921638
