# Relative Pressure (p/p0)    Quantity Adsorbed
0.029691407987344542	 215.85094242284225
0.0368160706531605	216.54196311506792
0.0519722374147025	221.1423269798513
0.0595188609308898	221.9592391301876
0.078499634340842	225.99947825783312
0.0928738053573084	228.17027006198876
0.1029545859654275	228.39681575350835
0.1238432696814571	230.236864907244
0.136507931204513	231.73060157017147
0.14915849789935	231.72323902778885
0.1648400829177912	233.56739833049937
0.1743730426339597	233.06765502326957
0.1957021658289107	234.19530121546296
0.2033028064693109	235.06514571690383
0.22139882679872	235.33492922230985
0.2364019322191018	236.704700826242
0.2469611358049261	236.16465691007528
0.2696445393395933	236.9184437395368
0.2799291681930716	237.95054613027128
0.2953789092698948	237.750020510961
0.3089709773183554	239.18386078823767
0.3208273405502934	238.53510334742668
0.3444868046063965	239.32441945728863
0.3555572035473783	240.32251664254383
0.3700070622146618	239.9997287921913
0.384972078711275	241.08019960338288
0.395738283877813	240.4960151121084
0.4187097779813852	241.1170922282074
0.4289948682188424	242.19833201269728
0.4441907546242292	241.69280896645688
0.457315675314286	242.8269269736292
0.4704250114788325	242.30129301395465
0.4775854133982192	243.06413261926397
0.4974134170326844	243.03503828835773
0.51121622357053	244.19158136625464
0.5209914338495067	244.09752417111605
0.5424414476382267	244.4748759542441
0.5551011244049611	245.43773606895215
0.5679593530928737	244.89968092882535
0.5834203845070636	245.90157623905745
0.5939785567639937	245.25169579567296
0.6173471969280642	245.47423968375523
0.6318096486639488	246.4926136394306
0.6428641193031226	245.7943466820996
0.6585398028284479	247.0099969679527
0.6688049721341092	245.96965751618268
0.691773752214276	246.3016911396032
0.7025539979285647	247.2128249837853
0.7172523827346653	246.62754583640395
0.7319647477768851	247.53116183575295
0.7432320702250019	246.8549176705663
0.758693183059894	247.8654842855787
0.7683819416887725	247.15347301703864
0.7916416774951018	247.57058151792612
0.8043006094131906	248.45411525186572
0.8171576167905712	247.78599054003365
0.832120534442417	248.64293438355395
0.842885690186572	247.94698640844396
0.8667561110601647	248.148125698602
0.8794148710901044	249.01335334467197
0.8925220300047634	248.25584227198203
0.9077330998633129	249.3673569875594
0.9180007389302732	248.59004711412683
0.941659206638228	248.86486912416075
0.9491657068534388	249.73270524828155
0.9683925543036008	249.16547435654644
0.9753975572739556	250.0849040656044
