# Relative Pressure (p/p0)    Quantity Adsorbed
0.9615993665874903	 9.005786627583802
0.9437846397466348	9.141608126547736
0.9061757719714963	8.615694648001238
0.8962787015043548	8.617273967756603
0.8646080760095013	8.622327790973884
0.8388756927949329	8.62643402233789
0.8012668250197942	7.568605650174391
0.7478226444972288	7.045219083236475
0.6943784639746636	6.521832516298616
0.6448931116389548	6.529729115075554
0.5954077593032464	6.271668267044049
0.5498812351543944	6.012975691110341
0.4984164687252573	5.7552307070298525
0.4449722882026919	5.231844140091937
0.3994457640538401	4.973151564158286
0.3499604117181313	4.715090716126724
0.3004750593824229	4.324051144690998
