# Relative Pressure (p/p0)    Quantity Adsorbed
1.0056237218813906	 95.78533867534759
0.9008179959100208	91.42669337673726
0.7755623721881393	86.19684069947004
0.6400817995910018	80.10621426484704
0.5276073619631902	73.18872334209766
0.3921267893660531	65.39741663536586
0.2617586912065444	56.76098660323021
0.1313905930470347	44.72319602687708
0.0623721881390593	33.59834731438605
0.0316973415132926	29.315345770209888
0.0035787321063396	24.18461249530492
0.0035787321063396	19.08257167897841
0.0035787321063396	4.626789366053345
