# Relative Pressure (p/p0)    Quantity Adsorbed
0.9939577039274918	 308.70886280297964
0.9667673716012084	304.6285832891308
0.9274924471299086	303.18777242222274
0.9093655589123868	303.1393418048477
0.8821752265861025	304.4025737413805
0.8580060422960725	303.002121722285
0.8247734138972809	302.9133322570974
0.8006042296072504	302.8487581005973
0.7492447129909361	302.7115380180346
0.6948640483383683	299.89449044071864
0.6465256797583079	297.09358640252765
0.5981873111782474	298.3003159521229
0.5015105740181265	295.3702636009317
0.5015105740181265	295.3702636009317
0.5468277945619335	296.8272180069648
0.4471299093655587	292.5532160236156
0.392749244712991	292.40792417149044
0.3474320241691839	290.95096976545744
0.2990936555891239	288.1500657272664
0.2447129909365557	283.99714028735497
0.1963746223564952	281.196236249164
0.1359516616314198	277.0271672701275
0.0906344410876132	268.8908235511173
0.0513595166163138	263.44237909642305
0.0030211480362538	209.8781162796061
