# Relative Pressure (p/p0)    Quantity Adsorbed
0.9866920152091254	 27.321428571428555
0.9543726235741444	21.857142857142836
0.9258555133079848	21.214285714285666
0.876425855513308	20.25
0.8422053231939164	18.964285714285666
0.8003802281368824	19.28571428571428
0.7756653992395439	19.28571428571428
0.7509505703422055	18.64285714285711
0.7015209125475286	18.3214285714285
0.6787072243346008	17.357142857142833
0.6520912547528517	18.0
0.6273764258555135	17.678571428571445
0.6064638783269964	17.035714285714278
0.5760456273764261	17.357142857142833
0.55893536121673	17.357142857142833
0.5361216730038023	17.357142857142833
0.5076045627376427	16.39285714285711
0.484790874524715	15.107142857142833
0.4638783269961978	13.821428571428555
0.4372623574144487	13.499999999999943
0.4125475285171102	13.499999999999943
0.3916349809885932	13.499999999999943
0.3593155893536123	13.178571428571445
0.3365019011406845	12.535714285714278
0.3193916349809887	12.857142857142833
0.2832699619771864	12.535714285714278
0.2642585551330799	12.535714285714278
0.2395437262357414	12.535714285714278
0.2186311787072244	12.214285714285722
0.188212927756654	11.571428571428555
0.1596958174904942	11.571428571428555
0.1406844106463878	11.249999999999943
0.1159695817490494	11.249999999999943
0.091254752851711	10.607142857142833
