# Relative Pressure (p/p0)    Quantity Adsorbed
0	 46.931407942238366
-0.0004553734061929	72.20216606498195
0.0018214936247723	95.51744885679898
0.0018214936247723	118.0806257521059
0.0018214936247723	121.84115523465698
0.0018214936247723	127.85800240673882
0.0063752276867031	135.3790613718411
0.0132058287795994	145.90854392298422
0.0200364298724954	150.42117930204574
0.029143897996357	153.4296028880866
0.0336976320582877	153.4296028880866
0.0473588342440801	157.942238267148
0.0610200364298725	160.19855595667866
0.0815118397085612	161.7027677496992
0.1111111111111112	163.20697954271964
0.133879781420765	163.20697954271964
0.1612021857923498	163.95908543922974
0.1862477231329692	166.96750902527083
0.2135701275045539	166.96750902527083
0.2363387978142078	166.96750902527083
0.2613843351548269	167.71961492178093
0.2864298724954465	169.9759326113117
0.306921675774135	169.22382671480136
0.3615664845173042	169.22382671480136
0.4071038251366122	169.22382671480136
0.4571948998178509	168.47172081829126
0.5050091074681241	169.22382671480136
0.561930783242259	169.9759326113117
0.6074681238615668	168.47172081829126
0.6598360655737706	169.22382671480136
0.7122040072859747	168.47172081829126
0.7600182149362479	168.47172081829126
0.8123861566484519	168.47172081829126
0.8602003642987254	166.2154031287605
0.9102914389799638	165.46329723225017
0.9603825136612026	169.9759326113117
0.992258652094718	169.22382671480136
0.9990892531876144	175.99277978339353
