# Relative Pressure (p/p0)    Quantity Adsorbed
0.031746031746031855	 91.0849114420543
0.0572562358276644	96.26853894711036
0.0799319727891156	97.88571735000308
0.1106386999244142	99.29752456538172
0.1342592592592594	100.145311127454
0.1578798185941043	100.8054100018386
0.183862433862434	101.46582807297096
0.2098450491307635	101.93855845641562
0.235827664399093	102.31744499601643
0.2594482237339379	102.8837000265572
0.2877928949357522	103.26290576290576
0.3090513983371126	103.45346622132338
0.3303099017384734	103.92555821127252
0.3610166288737719	104.21123930052504
0.3846371882086168	104.49596279953424
0.4058956916099774	104.78036710179568
0.427154195011338	104.87708371636946
0.455498866213152	105.44397714040572
0.4885676492819351	105.72997742640602
0.5098261526832955	105.82669404097976
0.5310846560846563	105.92341065555352
0.5617913832199548	105.9275602132745
0.5830498866213152	106.6811837347552
0.6090325018896448	106.87238258666832
0.6397392290249433	106.97037598823314
0.6562736205593349	107.06645420931136
0.6822562358276645	107.25765306122452
0.708238851095994	107.44885191313764
0.7294973544973546	108.20247543461832
0.7578420256991687	108.39399348327922
0.7814625850340136	108.58487313844458
0.8050831443688586	108.77575279360995
0.8287037037037037	109.24816398030686
0.8546863189720333	109.6270505199077
0.8783068783068784	110.85021245735533
0.904289493575208	111.3229428408
0.9302721088435376	111.98336091193237
0.951530612244898	113.1123598087884
0.9775132275132274	114.7112163183592
