# Relative Pressure (p/p0)    Quantity Adsorbed
0.0004038972272075725	 0.15992043986688032
0.0002895866912053	2.3821172597477585
-0.0025205473188465	7.011122415152897
0.0023567022172432	12.197391433568384
-0.0030158929748556	16.64064196797017
-0.0006915787428125	21.45597329705868
-0.0009487774488174	26.45591614179068
0.0038427391852706	33.308832775116855
0.003757006283269	34.975480390027485
0.0370118463818811	38.50138887301233
0.0548919193882098	40.91276962997671
0.0908044794488707	42.77260205073094
0.2063819572249976	45.94643408282934
0.3092042843588896	47.08039459997019
0.4146462279428298	47.28901132817401
0.52008817152677	47.49762805637784
0.6100600892384254	48.44354774179527
0.7154925069443654	48.83734753832255
0.8209535022843055	48.67559812987952
0.9212609976261512	48.69788868439991
1.0086514023997593	49.82841988546079
