# Relative Pressure (p/p0)    Quantity Adsorbed
0.9186223294201028	 49.99359860998379
0.8234588081983518	49.97245116082343
0.7257137740385531	50.135915227306384
0.625387226940707	50.48399080943278
0.5276612445369091	50.27708873926906
0.4273632750730636	50.06961511642521
0.3321902279733124	50.23365073558824
0.2293202714494195	50.02560556006438
0.1341662761056687	49.81927504258061
0.0313915783617775	47.759399183822666
0.0058241218093073	44.79075456384811
0.0009182946392167	40.16003475040287
0.0011278639552205	36.08600724728791
