# Relative Pressure (p/p0)    Quantity Adsorbed
0.998771730914588	 116.02790290290292
0.9633408919123204	115.46005188862334
0.9444444444444446	115.08212293926582
0.9160997732426304	114.6090733590734
0.89484126984127	113.94929368143656
0.8712207105064247	113.47688249473966
0.8452380952380953	113.09799595513884
0.8216175359032503	112.3440532369104
0.7956349206349207	111.5897913219342
0.7672902494331066	110.83521021021022
0.7436696900982616	110.17511133582563
0.717687074829932	110.1716001716002
0.6893424036281179	109.7923944352516
0.6704459561602418	109.32062164205024
0.6444633408919123	109.03557894629326
0.6184807256235829	108.75053625053629
0.5924981103552533	108.84086893015468
0.5688775510204083	108.4623015873016
0.540532879818594	108.17693969479686
0.5192743764172336	107.8925353925354
0.493291761148904	107.70133654062228
0.4696712018140589	107.5104568854569
0.4436885865457294	106.94388265816838
0.4153439153439153	106.65852076566364
0.3917233560090705	106.5614849543421
0.3704648526077099	106.089392964393
0.3444822373393801	105.71050642479216
0.3208616780045352	105.33193908193913
0.2925170068027212	104.76504565790282
0.2712585034013606	104.38679751179754
0.245275888133031	103.820223284509
0.2192932728647014	103.44133674490818
0.1956727135298566	102.87508171436744
0.1673280423280423	102.02665675879962
0.1460695389266819	101.17918939347511
0.1224489795918368	100.51909051909053
0.0964663643235073	99.10792169720742
0.0704837490551777	97.41522134379278
0.0515873015873016	95.25425936140223
