# Relative Pressure (p/p0)    Quantity Adsorbed
-0.00222717149220486	 51.347319652704186
0.0	70.73383514166972
-0.0022271714922048	82.7644319521695
0.0	91.45576027535948
0.0	96.8033538582472
0.0	100.14559984755203
0.0	106.16164262830068
0.0	110.84078701332736
0.0022271714922044	131.56420089801463
0.0044543429844092	142.92932601264852
0.0022271714922044	158.97061801031418
0.0022271714922044	158.97061801031418
0.0022271714922044	163.64976239534087
0.0022271714922044	169.66580517608952
0.0022271714922044	175.01339875897725
0.0044543429844092	152.287614782702
0.0022271714922044	190.38773030977936
0.0022271714922044	196.4037730905281
0.0022271714922044	203.7567142669987
0.0022271714922044	206.4305110584425
0.0022271714922044	209.77275704774732
0.0044543429844092	213.11649178804956
0.0089086859688194	217.13016447721031
0.0133630289532291	222.48073556209292
0.015590200445434	225.15602110453423
0.0178173719376388	229.16820504269745
0.022271714922049	233.18187773185812
0.0289532293986631	235.1916915784334
0.0334075723830733	236.53156747615023
0.0400890868596879	239.2098305205865
0.053452115812917	241.89255981801512
0.0645879732739418	243.90535116658535
0.0890868596881957	247.9324226147233
0.2004454342984405	256.69669973678884
0.3051224944320707	263.4511630122793
0.4031180400890863	266.1904648476115
0.4988864142538971	266.25448114050243
0.6057906458797322	268.99973797982454
0.701559020044543	271.06910186629835
0.799554565701559	273.80840370163054
0.8997772828507791	273.8753974965164
0.993318485523385	283.29621380846334
