# Relative Pressure (p/p0)    Quantity Adsorbed
0.047906634130657544	 290.22312120143283
0.0882587236574697	296.9654652817267
0.12312216119721	299.63181042735897
0.2020447778025719	300.86450767691446
0.2516046059087889	300.7835275656298
0.2974873371100061	302.0702115560418
0.3525478142568187	303.34189922954914
0.4002780917006784	301.90225280671064
0.4534970211316101	304.53860531853366
0.5012213000487084	304.4606244706299
0.5489515774925678	303.0209780477914
0.6003349577343807	305.6603298229954
0.6517303350297171	305.5763504483298
0.7049552629874104	306.8510373852181
0.7545090925668657	308.13172284886826
0.804062922146321	309.4124083125184
0.8536167517257763	310.6930937761685
0.8536167517257763	310.6930937761685
0.8848330849943254	307.9187751488234
0.9141718793864227	314.67911480940273
0.9855063596380732	371.7520976848085
0.98707197512291	433.0240492934934
