# Relative Pressure (p/p0)    Quantity Adsorbed
0.002197860205533586	 249.44813553791187
0.0021678675717244	256.2564634125858
0.0057969762626299	265.78212391036755
0.0149387310476548	273.93712104307167
0.0314346796426798	279.3567899723827
0.0314346796426798	279.3567899723827
0.0571143727100625	283.3997970098543
0.0571143727100625	283.3997970098543
0.0809765121686115	283.3608065859024
0.1011555561953986	286.051145838582
0.1011555561953986	286.051145838582
0.1231881449915902	284.65348910307614
0.1451907411539726	290.06416024224444
0.1617106838560452	290.0371668718162
0.1837252770719514	292.72450686111483
0.2039283152057857	289.9681838140552
0.2516345985425982	293.9751996909558
0.3011944266488152	293.8942195796712
0.3525838054173896	295.17190577994035
0.4039791827127258	295.08792640527474
0.4535270137654194	297.73027744385973
0.4994097449666362	299.0169614342717
0.5526466699778537	297.5683172212904
0.6021945010305471	300.2106682598753
0.6536018753794072	297.40335773534014
0.7545390852006749	301.3233949741943
0.7545390852006749	301.3233949741943
0.7068148062835772	301.40137582209803
0.804098913306892	301.24241486290964
0.8297846049010366	303.92375632544633
0.8463045476031089	303.8967629550181
0.8793444330072536	303.8427762141617
0.9013650247499218	305.16845062852553
0.9252091686281853	309.21445692937806
0.9545539615470444	314.6131310150226
0.972897456384712	317.3064695310831
0.9765325636023792	325.47046445393005
0.9855903390127388	352.6887796357214
0.9924766477353164	456.1633662772422
0.996243722541744	434.3707185515237
0.9926206123776004	423.4833924788071
0.9854343773169312	388.09208458402605
