# Relative Pressure (p/p0)    Quantity Adsorbed
0.002631578947368318	 4.934210526315809
0.0026315789473683	10.19736842105263
0.0026315789473683	19.73684210526315
0.0026315789473683	19.73684210526315
0.0052631578947366	14.14473684210526
0.0	24.671052631578945
0.0026315789473683	30.592105263157904
0.0	35.19736842105263
0.0	39.47368421052632
0.0	45.06578947368422
0.0026315789473683	50.0
0.0026315789473683	55.26315789473685
0.0	59.868421052631575
0.0	65.78947368421052
0.0	69.07894736842105
0.0	75.0
0.0	79.60526315789474
0.0026315789473683	83.22368421052632
0.0	88.81578947368422
0.0	88.81578947368422
-0.005263157894737	94.07894736842104
-0.005263157894737	94.07894736842104
0.013157894736842	96.3815789473684
0.0368421052631577	97.69736842105264
0.0842105263157892	97.69736842105264
0.0842105263157892	97.69736842105264
0.1078947368421054	98.02631578947368
0.1710526315789473	98.35526315789474
0.1710526315789473	98.35526315789474
0.2578947368421054	98.68421052631578
0.2999999999999998	98.02631578947368
0.3473684210526313	98.02631578947368
0.4052631578947365	98.35526315789474
0.4499999999999997	98.35526315789474
0.5	98.35526315789474
0.6026315789473684	97.3684210526316
0.6026315789473684	97.3684210526316
0.6499999999999999	97.03947368421052
0.7526315789473683	97.3684210526316
0.7526315789473683	97.3684210526316
0.6973684210526314	97.03947368421052
0.8000000000000003	97.3684210526316
0.8210526315789473	96.71052631578948
0.8499999999999996	96.3815789473684
0.8736842105263154	96.05263157894736
0.8999999999999999	96.05263157894736
0.926315789473684	96.3815789473684
0.9499999999999996	96.05263157894736
0.9763157894736838	96.05263157894736
0.9973684210526316	96.71052631578948
