# Relative Pressure (p/p0)    Quantity Adsorbed
0.9973684210526317	 89.14473684210526
0.9447368421052632	89.80263157894737
0.9210526315789472	89.80263157894737
0.8973684210526316	89.80263157894737
0.8605263157894734	90.46052631578948
0.8605263157894734	90.46052631578948
0.8342105263157893	90.46052631578948
0.75	90.46052631578948
0.75	90.46052631578948
0.6999999999999997	91.11842105263158
0.594736842105263	91.11842105263158
0.594736842105263	91.11842105263158
0.4973684210526317	91.77631578947368
0.4499999999999997	92.10526315789474
0.4499999999999997	92.10526315789474
0.3473684210526313	92.76315789473684
0.2921052631578948	92.76315789473684
0.2421052631578946	92.76315789473684
0.202631578947368	93.09210526315788
0.1473684210526316	93.09210526315788
0.1473684210526316	93.09210526315788
0.0921052631578946	92.76315789473684
