# Relative Pressure (p/p0)    Quantity Adsorbed
0.0005139655390318243	 232.81375068458556
0.0071870918818723	255.73998399123772
0.0072460715338924	282.4577663563218
0.0172978893710242	335.93124657707403
0.0702953195433291	343.7671146311668
0.0702953195433291	343.7671146311668
0.1166701773602394	351.5777056915367
0.1663394700256981	351.7672831444584
0.2093861903357627	351.93158360365715
0.2656780553566162	352.14643805030164
0.3120444875089525	356.1402030585164
0.3683363525298058	356.35505750516086
0.4213169313729621	356.5572734549441
0.4676833635252981	360.5510384631589
0.5206723680330287	364.57008046509645
0.5703416606984877	364.7596579180181
0.6166996671862495	364.9365968740785
0.6696802460294056	365.1388128238614
0.7293002485571047	372.999957871677
0.7756666807094408	376.9937228798922
0.8220162615326283	373.3538357837974
0.8716855541980872	373.5434132367191
0.9180519863504236	377.5371782449338
0.967712853351308	373.9099296457007
0.9909002822597636	377.8152251758856
