# Relative Pressure (p/p0)    Quantity Adsorbed
0.9478619876142731	 381.46775076884205
0.8915616969288451	377.4360702700424
0.8286304082234488	369.5622867253656
0.782272401735687	369.3853477693056
0.7392256814256226	369.2210473101068
0.6928676749378608	369.0441083540468
0.639903947423853	376.47554450857297
0.5902262290938198	372.4691410034966
0.5405485107637866	368.4627374984202
0.5008046509668453	364.4942494839279
0.4511353583013859	364.3046720310063
0.3981463537936556	360.28563002906867
0.3451657749504995	360.0834140792854
0.2855541980873743	356.03909508362494
0.2491300501327042	355.900071618149
0.1828790495850361	344.1968235244558
0.1365294687618485	347.83671062055055
0.0967940346294815	347.6850486582134
0.0537304629902686	339.8870960947047
0.0371656064372079	336.0070775582426
0.0139529005350296	320.651303871593
