# Relative Pressure (p/p0)    Quantity Adsorbed
0.9799866119702716	 300
0.9307040730505828	296.95121951219505
0.8752782021134777	295.9349593495933
0.8260242700949179	296.95121951219505
0.7808754283883448	297.9674796747965
0.727494950881951	295.9349593495933
0.6802935640193839	296.95121951219505
0.6289799351195486	296.95121951219505
0.5755923058878727	293.9024390243901
0.5283837673000233	293.9024390243901
0.4790940766550524	289.83739837398366
0.4297757791089522	281.70731707317054
0.3846126339518148	280.69105691056905
0.3271270661334342	278.6585365853657
0.2778588306643099	277.6422764227641
0.2368007758191588	276.6260162601625
0.1916376306620208	275.6097560975609
0.152639272698146	275.6097560975609
0.1115526109518665	270.5284552845528
0.0869006139040986	267.4796747967479
0.0540527396829211	266.46341463414615
0.0232073485407622	258.33333333333326
0.0067440769411213	252.23577235772336
