# Relative Pressure (p/p0)    Quantity Adsorbed
-0.004814541459981392	 9.756097560975604
0.0009940898142271	18.4959349593496
-0.001022696715355	23.577235772357653
-0.0009726346383795	30.69105691056893
-0.0009297242866863	36.7886178861786
-0.0008939656602753	41.86991869918688
-0.0008582070338643	46.95121951219494
-0.00077953805576	58.13008130081289
-0.0006794139018091	72.35772357723567
-0.0006150483742692	81.5040650406504
-0.0005435311214472	91.66666666666652
-0.0004577104180607	103.86178861788608
-0.000328979362981	122.1544715447153
-0.0002074000331835	139.43089430894304
-0.0002074000331835	139.43089430894304
0.0019381175514783	152.64227642276398
-3.57586264105e-05	163.82113821138205
1.43034505648e-05	170.93495934959344
8.58207033869e-05	181.09756097560967
0.0022098831122021	191.26016260162575
0.0022599451891776	198.3739837398374
0.0003003724618531	211.58536585365837
0.0044769800266619	221.74796747967468
0.0045628007300484	233.94308943089425
0.0046271662575883	243.0894308943089
0.0170139544463707	253.2520325203251
0.0375966198085628	261.3821138211382
0.0622700720321773	267.4796747967479
0.1012898851718993	270.5284552845528
0.1341449111183585	272.56097560975604
0.1772698145700668	275.6097560975609
0.2162681725339421	275.6097560975609
0.2573405308296577	278.6585365853657
0.3066016145735002	278.6585365853657
0.3538244566119131	280.69105691056905
0.4051523889623136	282.72357723577227
0.4482701406887401	284.7560975609755
0.5077796467619851	282.72357723577227
0.5570407305058271	282.72357723577227
0.5981202405268249	286.7886178861787
0.6515078697585008	289.83739837398366
0.7069265889703233	289.83739837398366
0.7520825824021791	289.83739837398366
0.7992911209900275	289.83739837398366
0.8526787502217035	292.8861788617886
0.8978347436535588	292.8861788617886
0.9347948599120056	294.91869918699183
0.9861370957129698	298.9837398373983
