# Relative Pressure (p/p0)    Quantity Adsorbed
0.9817767653758543	 57.064306991414085
0.9521640091116172	57.06886280007012
0.9195140470766896	56.81747561474215
0.8967350037965073	56.56456982652885
0.8511769172361429	56.699783891127865
0.8227031131359149	56.70416447637406
0.7695520121488232	56.45593131242336
0.718299164768413	56.463816365866506
0.6708428246013668	56.47111734127682
0.6195899772209567	56.60720752292509
0.5702353834472286	56.61480053735183
0.5189825360668187	56.62268559079496
0.4525436598329538	56.761112084574506
0.3993925588458619	56.897494305239206
0.3519362186788155	56.77659015244439
0.2987851176917236	56.78476724490393
0.2494305239179954	56.664155131125554
0.2019741837509491	56.54325097833072
0.1810933940774487	56.54646340751127
0.1602126044039483	56.42147070848668
0.1431283219438117	56.16768880322413
0.1222475322703113	56.17090123240466
0.0975702353834473	55.66187722679752
0.0330296127562642	54.38975527130427
0.0254365983295368	39.775538811985285
0.0064540622627182	37.47076689445714
-0.001138952164009	30.164242742830453
0.0007593014426727	20.16395070381404
0.0007593014426727	10.035745575608928
