# Relative Pressure (p/p0)    Quantity Adsorbed
0.005259354108894998	 1.16315912131995
-0.0006651112490212	3.996952009866675
0.0054099206318033	6.174013003710471
0.005455745225732	7.699055489655407
0.0015279228889918	10.314461456279387
0.0036162150980254	13.146159506246534
0.0036882251741989	15.542654841302893
0.0077731604044086	18.155965969347264
0.0038060598443011	19.46419266230416
0.0038977090321584	22.514277634194045
0.0039762654788932	25.12863618152824
0.0040286364433831	26.87154187975102
0.0061234750229777	29.921103141996
0.0041857493368526	32.100258974419404
0.0042381203013426	33.8431646726422
0.0043166767480773	36.45752321997638
0.0064246080687945	39.942810906777055
0.0064246080687945	39.942810906777055
0.0064573399216006	41.03212696816631
0.0065162572566517	42.99289587866694
0.0065620818505803	44.51793836461188
0.0066275455561927	46.696570487390375
0.0126894846958948	48.43790505667848
0.0287477316826004	49.52303144090854
0.0648378725866806	50.6029207286896
0.0828665771123174	50.59820734188551
0.0989051849873393	51.02974408928203
0.1249859253032933	52.33011513756544
0.1430211761994914	52.54326496303919
0.1570435019416535	52.53959899552491
0.1791047707330101	53.405291038542416
0.2011529467832445	53.83525665700422
0.253268602821224	54.910956267626105
0.3033745230969046	55.76931637561504
0.3534804433725854	56.62767648360396
0.4055764602988813	57.0497864573923
0.4536791911828245	57.90867027502614
0.5037916578290663	58.9848935952929
0.553884485363625	59.407527278726135
0.6039838592687442	60.04802417443722
0.6520800437821265	60.68904477979319
0.6981795852743323	61.54845230707191
0.7502886949417508	62.40628870541596
0.8043748085186614	62.39214854500369
0.8043748085186614	62.39214854500369
0.8204199627642442	63.04154850467803
0.8544938215354646	63.68623507754832
0.8785320942363138	63.679950561809534
0.9045997418111454	64.54459518553726
0.9306477502742933	64.7556501724314
0.9567023051080022	65.18456837160342
0.9787570275287976	65.83239720234309
0.9908023493614674	66.7007077935851
