# Relative Pressure (p/p0)    Quantity Adsorbed
0.9988543851517845	 68.0057922286726
0.9787832130110428	66.70385005145448
0.9186547994061136	65.63024527941221
0.9186547994061136	65.63024527941221
0.9507123760444736	65.83972913737168
0.8966000769853181	64.98241644867254
0.8605361215634829	64.77398001000286
0.8605361215634829	64.77398001000286
0.8424943242967237	64.34296697225125
0.8144496728123997	64.35029890727984
0.7743596994954062	63.48932025106642
0.7262700613525849	63.066162857988274
0.6761772338180269	62.643529174555056
0.628087595675206	62.22037178147693
0.5779816753995252	61.362011673487984
0.525872565732107	60.504175275143965
0.4777894739598473	60.298881094343685
0.4276901000547278	59.65838419863261
0.3755875367578708	59.01841101256642
0.3294945416362261	58.37686669756553
0.2773854319688079	57.51903029922151
0.2272926044342497	57.09639661578828
0.1611546226541081	56.02436297268069
