# Relative Pressure (p/p0)    Quantity Adsorbed
0.006050605060506031	 16.666666666666742
0.0033003300330032	28.92156862745105
0.0033003300330032	36.274509803921546
0.0033003300330032	46.078431372549176
-0.0022002200220021	50.98039215686276
0.006050605060506	60.784313725490165
0.006050605060506	68.13725490196089
0.006050605060506	75.49019607843138
0.006050605060506	80.39215686274497
0.0033003300330032	87.74509803921569
0.0033003300330032	97.54901960784308
0.0033003300330032	102.45098039215668
0.0033003300330032	122.05882352941173
0.0033003300330032	131.86274509803934
0.0088008800880087	144.11764705882365
0.0253025302530253	173.52941176470586
0.0308030803080308	185.78431372549016
0.0473047304730473	200.49019607843135
0.0665566556655665	202.9411764705883
0.0775577557755775	225.0
0.0775577557755775	225.0
0.0995599559955995	234.8039215686274
0.149064906490649	251.96078431372555
0.1793179317931794	264.21568627450984
0.1793179317931794	264.21568627450984
0.2343234323432341	278.92156862745105
0.2343234323432341	278.92156862745105
0.2975797579757977	300.9803921568628
0.2975797579757977	300.9803921568628
0.3195819581958197	308.33333333333337
0.3718371837183718	315.686274509804
0.3938393839383938	327.9411764705883
0.3938393839383938	327.9411764705883
0.4103410341034106	332.843137254902
0.4405940594059407	340.1960784313726
0.4625962596259627	342.6470588235295
0.4735973597359735	354.9019607843137
0.4955995599559957	362.2549019607844
0.5121012101210123	372.0588235294118
0.5286028602860287	374.5098039215686
0.5561056105610562	384.313725490196
0.56985698569857	391.66666666666674
0.5891089108910894	396.5686274509805
0.5891089108910894	396.5686274509805
0.602860286028603	401.4705882352941
0.6358635863586359	411.27450980392166
0.6358635863586359	411.27450980392166
0.6523652365236525	416.17647058823536
0.6633663366336633	423.52941176470586
0.6716171617161717	428.4313725490196
0.6853685368536855	435.7843137254903
0.7211221122112212	455.3921568627451
0.7211221122112212	455.3921568627451
0.745874587458746	462.7450980392157
0.767876787678768	479.9019607843137
0.7898789878987902	497.0588235294118
0.7981298129812981	504.4117647058824
0.8118811881188119	511.764705882353
0.8366336633663367	533.8235294117648
0.8448844884488451	546.0784313725491
0.8641364136413645	565.686274509804
0.8641364136413645	565.686274509804
0.8751375137513753	575.4901960784314
0.8861386138613863	585.2941176470589
0.8971397139713972	597.5490196078431
0.9136413641364138	619.6078431372549
0.932893289328933	636.764705882353
0.9356435643564358	644.1176470588235
0.9438943894389442	656.372549019608
0.9521452145214522	666.1764705882354
0.9603960396039606	680.8823529411766
0.968646864686469	695.5882352941177
0.976897689768977	710.2941176470589
0.2700770077007701	293.6274509803921
