# Relative Pressure (p/p0)    Quantity Adsorbed
0.003308535681647462	 2.9065885291876157
0.0035180195396069	9.878211322078798
0.0057306927893037	16.84931040532507
0.005933630276702	23.60306998593839
0.0041333783723628	30.35735327619662
0.0043494086008835	37.54683928136564
0.0064835254038455	41.9035798172777
0.0047160053523126	49.74717916892517
0.0048011081696086	52.57940092853721
0.0029092070774121	56.28359924690554
0.0049909529158844	58.89743408459482
0.0050564166214968	61.07606620737332
0.0071578015716526	64.34349068189614
0.0072298116478262	66.73998601695247
0.0132852044169671	68.26345737396275
0.0353399268377626	68.91128620470239
0.0533817241045221	69.34229924245402
0.0834557504628284	70.20589644689193
0.1014910013590265	70.41904627236568
0.1215359880175231	70.8495356004724
0.1375680495219838	71.06320913559105
0.1616128685933945	71.27478783213013
0.1816578552518913	71.70527716023682
0.199686559777528	71.70056377343275
0.25579550185786	72.33948954020913
0.3018754042383823	72.5453074306543
0.3559811569269765	73.1847569070756
0.404057702328675	73.17218787559803
0.4521407941009346	73.37748205639829
0.5022205288943707	73.36438931527583
0.55231990279949	74.00488621098691
0.6064125627469618	74.20860926285249
0.6544891081486605	74.19604023137492
0.7005559177880599	73.96613169726442
0.752651934714356	74.38824167105275
0.8007284801160542	74.37567263957519
0.8207603740334285	74.37043554312619
0.8488050255177527	74.36310360809762
0.8768693161137605	75.00936130990257
0.9029173245769084	75.22041629679674
0.9229426721237214	74.99731598806991
0.9470005839362542	75.64462110916467
0.9730420460288408	75.63781288378098
0.9911231215189676	77.3760051951997
