# Relative Pressure (p/p0)    Quantity Adsorbed
0.9933184855233853	 185.46511627906978
0.9821826280623608	183.13953488372096
0.9665924276169264	177.90697674418604
0.9376391982182628	172.09302325581396
0.910913140311804	170.34883720930233
0.893095768374165	167.4418604651163
0.8418708240534524	162.79069767441862
0.775055679287305	158.13953488372093
0.7305122494432071	156.97674418604652
0.6881959910913141	155.81395348837208
0.6391982182628061	154.65116279069767
0.5902004454342985	154.06976744186048
0.5389755011135858	153.48837209302326
0.4877505567928731	152.90697674418604
0.4365256124721605	152.32558139534885
0.3853006681514477	151.1627906976744
0.3363028953229399	151.1627906976744
0.289532293986637	150.0
0.2383073496659243	149.4186046511628
0.1915367483296214	149.4186046511628
0.1670378619153676	148.25581395348837
0.1380846325167037	148.25581395348837
0.1158129175946549	147.09302325581396
0.1002227171492206	146.51162790697674
