# Relative Pressure (p/p0)    Quantity Adsorbed
0.0018115942028985588	 17.840375586854407
0.0018115942028985	30.9859154929577
-0.0018115942028985	37.55868544600946
0.0	46.00938967136142
0.0	59.15492957746471
0.0	73.23943661971828
0.0	82.62910798122073
0.0	92.01877934272296
0.0	97.65258215962444
0.0018115942028985	137.08920187793427
0.0	174.64788732394368
0.0	189.6713615023474
0.0018115942028985	198.12206572769944
0.0	203.75586854460096
0.0018115942028985	222.53521126760563
0.0018115942028985	234.74178403755863
0.0018115942028985	238.4976525821596
0.0036231884057971	242.2535211267605
0.0018115942028985	247.88732394366195
0.0018115942028985	253.5211267605634
0.0036231884057971	266.66666666666663
0.0036231884057971	272.30046948356807
0.0090579710144926	275.1173708920188
0.0090579710144926	275.1173708920188
0.0144927536231883	277.93427230046944
0.0163043478260869	280.75117370892013
0.0289855072463767	286.3849765258216
0.0507246376811593	292.018779342723
0.0778985507246375	295.7746478873239
0.0996376811594202	298.59154929577466
0.1231884057971013	301.4084507042253
0.1521739130434781	304.22535211267603
0.1757246376811593	305.1643192488263
0.2010869565217391	307.98122065727694
0.2282608695652173	307.98122065727694
0.3007246376811593	315.49295774647885
0.3496376811594203	317.37089201877933
0.3242753623188404	316.43192488262906
0.3768115942028985	320.18779342723
0.398550724637681	319.2488262910798
0.4257246376811593	320.18779342723
0.4510869565217391	322.06572769953044
0.4800724637681158	323.943661971831
0.5018115942028983	324.8826291079812
0.5271739130434782	326.76056338028167
0.5525362318840578	328.63849765258215
0.5778985507246378	327.69953051643193
0.6014492753623187	329.5774647887324
0.6268115942028986	330.51643192488257
0.6521739130434782	332.39436619718305
0.6757246376811593	332.39436619718305
0.6992753623188405	334.2723004694836
0.7753623188405797	336.15023474178406
0.8278985507246376	338.0281690140845
0.8496376811594203	338.9671361502347
0.8967391304347824	341.78403755868544
0.9293478260869564	342.72300469483565
0.9492753623188404	342.72300469483565
0.9782608695652172	344.60093896713613
0.9945652173913044	345.53990610328634
