# Relative Pressure (p/p0)    Quantity Adsorbed
0.07467700570909641	 193.35574907898695
0.0859375491141101	194.0857971911438
0.097200729923242	194.90991271684908
0.1084639107323739	195.7340282425544
0.1197253332720937	196.4954321592273
0.1309832392729893	197.1314128578358
0.1422393870044728	197.7046819474121
0.1534959743033093	198.29362893924645
0.1647512429000867	198.8355422243066
0.1760043136600989	199.2990659980765
0.1872604613915824	199.87233508765277
0.1985117738821824	200.2731472523904
0.2097652842095476	200.75234892841831
0.2210161571327948	201.13748319089785
0.2322630739498647	201.3815163330549
0.2435130677384056	201.7352947910183
0.2547630615269467	202.0890732489817
0.2660117366134287	202.395818000171
0.2772612908346166	202.7339185558764
0.2885090867863926	203.00930750254943
0.2997577618728746	203.3160522537387
0.3110055578246504	203.59144120041185
0.322250716372308	203.77276273353655
0.33349939145879	204.07950748472587
0.3447436708717417	204.22947321333453
0.3559892689867523	204.4264726487173
0.367235746236469	204.65482788861624
0.3784809047841266	204.83614942174103
0.3897269424664904	205.04882675938197
0.40096946361003	205.13608087895835
0.4122106660515106	205.17630129176055
0.4234567037338743	205.3889786294014
0.4347001040121199	205.507588553494
0.4459443834250713	205.6575542821026
0.4571904211074353	205.8702316197435
0.4684404148959762	206.2240100777069
0.4796838151742217	206.34262000179947
0.4909307319912916	206.58665314395648
0.5021763301063025	206.7836525793393
0.5134210490866071	206.949296210206
0.5246635702301465	207.0365503297824
0.5359113661819226	207.31193927645552
0.547151689488697	207.3208038847416
0.5583928919301773	207.36102429754388
0.569637171343129	207.5109900261525
0.5808774946499033	207.51985463443864
0.5921178179566777	207.5287192427247
0.6033620973696294	207.67868497133333
0.614605497647875	207.79729489542584
0.6258488979261205	207.9159048195184
0.6370936169064252	208.0815484503851
0.6483348193479057	208.12176886318733
0.6595790987608574	208.271734591796
0.6708194220676318	208.2805992000821
0.6820645806152894	208.4619207332068
0.693307541326182	208.56485275504127
0.7045500624697214	208.6521068746177
0.7157978584214975	208.9274958212908
0.7270403795650369	209.01474994086723
0.7382829007085765	209.10200406044365
0.749526300986822	209.22061398453613
0.7607714595344797	209.4019355176609
0.7720170576494905	209.5989349530437
0.7832630953318542	209.8116122906846
0.7945100121489241	210.05564543284163
0.8057591268027591	210.37806808628892
0.8170034062157108	210.5280338148976
0.8282534000042518	210.881812272861
0.8395038333601459	211.25126863308253
0.850756464552805	211.6991145045943
0.8620090957454642	212.14696037610608
0.8732621665054765	212.610484149876
0.8845249077472555	213.41892177332312
0.8957898468257994	214.30574890806065
0.9070530276349312	215.1298644337659
0.9183175271461224	216.0010136662453
0.9296018071881996	217.5776685003375
0.9408966368467496	219.53059298862308
0.952193224774712	221.54622908594092
0.963489812702674	223.5618651832588
0.9748066207288756	226.2986847844474
0.9861423301512576	229.70965418273263
0.9974727647654028	232.9324887539212
1.0036403342957632	234.23858988222355
