# Relative Pressure (p/p0)    Quantity Adsorbed
0.9971654215469862	 78.46375012765424
0.9810875354485968	76.72503410659064
0.9470202230479378	76.29821074599822
0.9249720469977036	75.8682451275364
0.8969273955133797	75.87557706256499
0.8728825764419693	75.66399836602592
0.854873511028016	76.32230138966355
0.8448575640693289	76.32491993788804
0.800780851080544	76.11857833779797
0.7587138738540579	76.12957624034084
0.7086406854311834	76.36053219374116
0.6625607830506611	76.15471430329598
0.6325129421745995	76.16256994796946
0.5623947670932284	75.96303657326305
0.5283470938042533	76.18980284950419
0.482267191423731	75.983984959059
0.4281876242173815	76.21598833174912
0.3800914397039993	75.57496772639314
0.3280085155188262	75.5885841771605
0.281928613138304	75.38276628671534
0.2318488783448679	75.3958590278378
0.1557145887177232	74.98003356978825
