# Relative Pressure (p/p0)    Quantity Adsorbed
0.9961496149614963	 742.156862745098
0.97964796479648	729.9019607843138
0.9438943894389442	702.9411764705883
0.9438943894389442	702.9411764705883
0.9576457645764578	710.2941176470589
0.9191419141914194	683.3333333333334
0.9053905390539057	663.7254901960785
0.8833883388338837	644.1176470588235
0.8641364136413645	629.4117647058824
0.8448844884488451	614.7058823529412
0.8091309130913094	600.0000000000001
0.7926292629262928	590.1960784313726
0.7623762376237624	570.5882352941177
0.7403740374037406	558.3333333333334
0.7211221122112212	543.6274509803922
0.6991199119911993	531.372549019608
0.6771177117711773	511.764705882353
0.6606160616061607	504.4117647058824
0.6386138613861387	489.7058823529412
0.6193619361936196	477.4509803921569
0.5946094609460948	462.7450980392157
0.5726072607260726	452.9411764705882
0.5451045104510452	440.686274509804
0.5203520352035205	433.33333333333337
0.4955995599559957	413.72549019607845
0.4763476347634765	389.2156862745098
0.4680968096809681	369.6078431372549
0.4515951595159517	367.1568627450981
0.4323432343234323	357.3529411764706
0.4075907590759076	350.0
0.3800880088008802	337.7450980392158
0.3525852585258526	327.9411764705883
0.3195819581958197	320.5882352941177
0.2975797579757977	313.2352941176472
0.2645764576457645	308.33333333333337
0.2343234323432341	298.529411764706
0.2013201320132014	288.72549019607834
0.1710671067106712	278.92156862745105
0.1380638063806381	264.21568627450984
0.1188118811881189	256.8627450980391
0.0913091309130913	244.6078431372548
0.0748074807480747	237.2549019607843
0.0638063806380639	229.9019607843138
0.0528052805280527	220.0980392156864
0.0473047304730473	215.1960784313726
0.0335533553355336	205.3921568627452
0.0225522552255225	193.1372549019609
0.0115511551155116	166.17647058823536
