# Relative Pressure (p/p0)    Quantity Adsorbed
0.9963768115942028	 347.4178403755868
0.9710144927536232	346.4788732394366
0.9492753623188404	344.60093896713613
0.9239130434782606	343.6619718309859
0.9003623188405795	343.6619718309859
0.8532608695652174	339.90610328638496
0.8532608695652174	339.90610328638496
0.8731884057971012	340.8450704225352
0.8242753623188405	338.9671361502347
0.8007246376811593	338.0281690140845
0.7753623188405797	337.0892018779342
0.7499999999999999	337.0892018779342
0.7246376811594201	335.2112676056338
0.7028985507246376	335.2112676056338
0.677536231884058	333.3333333333333
0.6521739130434782	332.39436619718305
0.6231884057971014	332.39436619718305
0.6014492753623187	331.45539906103284
0.5760869565217391	330.51643192488257
0.5507246376811593	329.5774647887324
0.5289855072463766	328.63849765258215
0.5018115942028983	325.82159624413146
0.4782608695652174	325.82159624413146
0.447463768115942	324.8826291079812
0.4257246376811593	322.06572769953044
0.4021739130434781	321.1267605633803
0.3749999999999999	320.18779342723
0.3478260869565218	318.30985915492954
0.329710144927536	318.30985915492954
0.2971014492753622	316.43192488262906
0.2518115942028984	312.67605633802816
0.2518115942028984	312.67605633802816
0.2282608695652173	309.8591549295774
0.2028985507246377	309.8591549295774
0.1793478260869564	308.9201877934272
0.1521739130434781	306.1032863849765
0.1268115942028984	302.3474178403756
0.1032608695652174	301.4084507042253
0.076086956521739	297.6525821596244
0.0525362318840578	293.89671361502343
0.0271739130434781	287.3239436619718
