# Relative Pressure (p/p0)    Quantity Adsorbed
0.9822234762979682	 88.12499999999999
0.9326185101580136	86.74999999999999
0.8829759217456734	86.29166666666666
0.8310697266114873	85.9861111111111
0.7814083270629546	85.9861111111111
0.7340105342362679	85.83333333333331
0.6798344620015051	85.83333333333331
0.6482254828191623	85.9861111111111
0.5805116629044393	85.83333333333331
0.5466641585151744	85.52777777777777
0.4992663656884876	85.37499999999999
0.4518748432405318	85.06944444444443
0.3977113117632304	84.76388888888889
0.3503135189365438	84.6111111111111
0.2984135941810885	84.15277777777777
0.2510283421118636	83.69444444444443
0.19914095811387	82.93055555555554
0.1472598444946075	82.01388888888889
0.1021695510408829	80.63888888888889
0.0503762227238525	77.58333333333331
