# Relative Pressure (p/p0)    Quantity Adsorbed
0.9262536873156343	 17.450016388069486
0.8992133726647001	15.530673884465884
0.8746312684365781	14.328882122202144
0.8549655850540806	13.606397338436553
0.8402163225172076	13.124270907123716
0.8254670599803343	12.88109310185628
0.8107177974434613	12.637915296588815
0.7984267453294004	12.634390980570444
0.7885939036381514	12.153674275664956
0.7738446411012782	11.910496470397518
0.7590953785644051	11.189421413039284
0.7394296951819076	11.183782507409902
0.7246804326450343	10.940604702142435
0.7099311701081613	10.458478270829616
0.6828908554572272	9.972827523498395
0.6607669616519175	9.966483754665331
0.6484759095378566	9.724010812601549
0.6263520157325467	9.4787184177231
0.6042281219272371	9.233426022844624
0.5870206489675517	9.228491980418909
0.5599803343166175	8.981789859133087
0.5452310717797443	8.499663427820252
0.5231071779744346	8.254371032941805
0.5058997050147495	8.249436990516088
0.4788593903638151	8.002734869230267
0.4567354965585054	7.279545222261007
0.4051130776794495	7.025794468938457
0.3682399213372666	6.5373242687925455
0.3338249754178958	7.005353436031911
0.3166175024582104	7.000419393606194
0.274827925270403	6.749488093098336
0.2453294001966567	6.502081108608863
0.2158308751229104	6.493622750164775
0.1764995083579154	6.482344938905996
0.1642084562438545	6.478820622887625
0.1322517207472958	6.469657401239871
0.0855457227138641	6.934162252460865
0.0658800393313666	6.211677468695271
0.0486725663716812	6.4456920523149535
