# Relative Pressure (p/p0)    Quantity Adsorbed
-0.000491642084562538	 -0.49791536707512307
0.0216322517207472	0.9421201580303348
0.0339233038348082	0.9456444740487058
0.0535889872173057	0.9512833796781024
0.0707964601769911	1.1951660481492183
0.0904621435594886	1.6787022058694134
0.1150442477876104	1.6857508379061557
0.1445427728613567	1.6942091963502437
0.1617502458210421	1.6991432387759602
0.2035398230088495	2.1890231653292034
0.2035398230088495	2.1890231653292034
0.1814159292035396	2.182679396496141
0.2354965585054081	2.4371350130223703
0.2797443461160275	2.68877117673388
0.3706981317600787	3.67064561945142
0.3706981317600787	3.67064561945142
0.3190757128810225	3.177946240083472
0.4444444444444443	4.886534645788629
0.4444444444444443	4.886534645788629
0.4051130776794495	3.6805137043028537
0.4862340216322517	5.137465946296473
0.5280235988200589	5.866294498895144
0.5599803343166175	5.875457720542897
0.5968534906588004	6.602876546734208
0.6460176991150443	7.333819688943876
0.6607669616519175	7.338048868165927
0.6853490658800395	8.061943378338853
0.707472959685349	8.307235773217329
0.7271386430678467	9.268669183028308
0.7468043264503442	9.27430808865769
0.7615535889872173	9.278537267879742
0.7738446411012782	9.521010209943526
0.7885939036381514	10.24208526730176
0.8033431661750247	10.48526307256921
0.8156342182890856	10.727736014632969
0.8303834808259588	11.20986244594583
0.8500491642084563	12.171295855756796
0.8623402163225172	12.41376879782058
0.872173058013766	12.416588250635272
0.8869223205506392	13.61556056008432
0.9016715830875124	14.097686991397154
0.9164208456243856	15.057710674800802
0.9287118977384464	15.77808086895537
0.945919370698132	17.455655293698868
