# Relative Pressure (p/p0)    Quantity Adsorbed
0.9908361970217643	 300.4804430144242
0.9783075601374572	293.5418125870963
0.9514604810996564	289.73135136909843
0.9192439862542958	285.1587979075011
0.892396907216495	283.67052352602127
0.8619702176403208	280.642104610356
0.8279639175257734	278.39572799702324
0.8029066437571593	276.12940132495754
0.7724799541809853	273.87504468813154
0.7402634593356243	270.85061578421283
0.7134163802978237	270.13640368157246
0.6794100801832761	267.89002706823965
0.6507731958762888	265.63168041966713
0.6203465063001146	264.15138606168057
0.5899198167239406	261.8970294248546
0.5612829324169533	259.6386827762821
0.5290664375715923	258.16237843004205
0.5040091638029784	255.89605175797635
0.4735824742268042	253.6416951211504
0.4413659793814435	252.93945305374973
0.412729095074456	249.9070441263379
0.3823024054982817	248.42674976835133
0.3554553264604811	245.39035082919287
0.3232388316151204	244.6881087617922
0.2892325315005727	242.4417321484595
0.2588058419243987	240.9614377904728
0.231958762886598	239.47316340899312
0.2033218785796106	234.8926299239025
0.1872136311569301	234.92854002962184
0.1764747995418099	234.1784178212621
0.1567869415807561	232.6741833927959
0.1406786941580756	231.16196894083657
0.1245704467353953	229.6497544888772
0.0977233676975944	227.3874178285581
0.0851947308132875	225.09316107426625
0.0583476517754868	223.6048866927864
0.0440292096219931	221.31461995024117
0.0332903780068729	217.468248626524
0.0207617411225659	213.6258673145533
0.0082331042382589	202.0428632141893
0.0046534936998854	186.5695976608955
