# Relative Pressure (p/p0)    Quantity Adsorbed
0.002096436058700246	 3.5161278458199945
0.0020964360587002	8.779285740556816
0.0	21.05876150894352
0.0020964360587002	39.18864246570303
0.0020964360587002	54.97811614991355
0.0020964360587002	64.33484129611242
0.0020964360587002	81.87870094523521
0.0020964360587002	93.57460737798374
0.0020964360587002	107.02489977564454
0.0020964360587002	125.15355474640478
0.0020964360587002	146.79098164698956
0.0020964360587002	153.8085255066387
0.0	156.73127612882658
0.0	160.82484338028857
0.0	165.503205953388
0.0062893081761006	167.261269876298
0.0104821802935011	170.18769845648362
0.0167714884696017	171.36096705775617
0.0356394129979036	173.71118221829903
0.0440251572327043	174.88567680557085
0.0545073375262055	176.64619270047936
0.0607966457023061	177.81946130175191
0.0754716981132076	178.412838525384
0.0817610062893082	180.170902448294
0.0901467505241091	180.7606017139284
0.1006289308176101	180.7667316439246
0.1278825995807128	183.1218507484644
0.1404612159329141	183.7140019860973
0.1635220125786164	184.3122831537264
0.1802935010482181	185.49168168499511
0.2012578616352202	185.50394154498755
0.238993710691824	187.2803952578861
0.2641509433962266	187.295107089877
0.2935010482180296	187.3122708938664
0.3249475890985326	189.08504664876725
0.3668763102725368	189.10956636875204
0.406708595387841	190.30245074601245
0.4549266247379456	190.9154437456324
0.5094339622641512	192.1169100248875
0.5555555555555559	193.3134723601456
0.6163522012578618	192.76423063248612
0.6729559748427677	195.13651354101532
0.7337526205450736	195.7568624566308
0.7966457023060799	196.9632326798828
0.8595387840670864	197.5848075814974
0.9161425576519918	197.61790920347687
0.9916142557651992	200.58602130763663
