# Relative Pressure (p/p0)    Quantity Adsorbed
0.9790356394129983	 198.82427942672894
0.9350104821802936	198.79853372074487
0.8763102725366879	197.5946154694913
0.8259958071278829	198.149987127147
0.777777777777778	198.12178944916448
0.7190775681341722	198.6722571628232
0.6750524109014678	197.47692081356428
0.6247379454926628	196.2779065063077
0.568134171907757	194.49041891941596
0.5241090146750526	192.12549192688215
0.469601677148847	190.3392303259897
0.4234800838574425	189.7274633123689
0.3668763102725368	187.9399757254772
0.3144654088050315	186.73973543222127
0.2201257861635221	186.0997707406181
0.159329140461216	182.5554452168156
0.1153039832285116	178.43613225936954
0.1006289308176101	177.84275503573747
0.0880503144654087	176.6658084764672
0.0754716981132076	176.0736572388343
0.0607966457023061	174.31068937192734
0.0482180293501048	171.9641521693822
0.0440251572327043	170.20731423247145
0.0251572327044025	166.6875084286537
0.0188679245283019	163.1750585408314
0.0125786163522013	159.66260865300916
0.0020964360587002	143.28220971716502
0.0020964360587002	122.22957813821763
