# Relative Pressure (p/p0)    Quantity Adsorbed
-0.0005099062800055787	 33.66886049812865
-0.0008227594609707	117.01294790725684
-0.0008934037276403	135.83258054802764
0.0207287878922929	162.71777003484317
0.0207287878922929	162.71777003484317
0.0337424710166356	168.0948079322061
0.0134877505586629	162.71777003484317
0.0091481741775328	161.37351056050215
0.0482194996648476	169.43906740654688
0.0931038390952575	172.12758635522846
0.1133837896484689	170.78332688088767
0.1307521872110851	173.47184582956925
0.1307521872110851	173.47184582956925
0.1727502037461387	173.47184582956925
0.1872423704514941	170.78332688088767
0.2234576491577394	168.0948079322061
0.211861897385836	170.78332688088767
0.2480822221111293	166.7505484578653
0.2857356162460048	166.7505484578653
0.3190292499235588	170.78332688088767
0.3190292499235588	170.78332688088767
0.3465451917913528	170.78332688088767
0.3711647187256942	170.78332688088767
0.3900065538502758	166.7505484578653
0.4059267439461659	169.43906740654688
0.4522794749194933	166.7505484578653
0.4522794749194933	166.7505484578653
0.4291031094328296	168.0948079322061
0.4870364541209168	166.7505484578653
0.4870364541209168	166.7505484578653
0.4682148030725267	165.40628898352452
0.5058732432264502	164.06202950918373
0.5478712597615037	164.06202950918373
0.5478712597615037	164.06202950918373
0.526143101741566	165.40628898352452
0.5667030028479895	162.71777003484317
0.5869779073821532	162.71777003484317
0.6087111114211387	160.02925108616137
0.6260845550028026	161.37351056050215
0.659403418775596	158.68499161182058
0.659403418775596	158.68499161182058
0.6854610611385682	161.37351056050215
0.6854610611385682	161.37351056050215
0.7086475186633273	157.34073213748002
0.724577800797313	157.34073213748002
0.7448577513505247	155.99647266313923
0.7665758173323666	157.34073213748002
0.7854126064379002	154.6522131887982
0.80279614205766	153.30795371445743
0.8201695856393237	154.6522131887982
0.8447992046117611	151.9636942401169
0.867975570098425	150.61943476577608
0.867975570098425	150.61943476577608
0.8839008062133628	151.9636942401169
0.9056289642333004	150.61943476577608
0.9215592463672864	150.61943476577608
