# Relative Pressure (p/p0)    Quantity Adsorbed
0.9313753442263866	 341.6668363756497
0.9101673783130018	339.97794914613746
0.8831666791119921	339.1503350055325
0.867740132554029	338.3108412361149
0.8465265096745433	337.4772872811037
0.8291652807099714	337.49510672432245
0.8060226323899773	336.66353270744656
0.7867380349509987	335.82799881429986
0.7693768059864277	335.84581825751866
0.7520155770218557	335.8636377007374
0.7269325893291514	336.7447101709987
0.7057246234157661	335.0558229414865
0.6902924198917031	335.0716624465699
0.6671441146056072	335.09542170419496
0.6459248347600202	335.1172010236846
0.6285636057954482	335.13502046690337
0.5880540715447813	335.1765991677471
0.5880540715447813	335.1765991677471
0.5668347916991938	335.1983784872367
0.5494848766668246	333.5055313814537
0.5263365713807291	333.5292906390788
0.5089809993822589	332.69177680779666
0.4896907449771794	332.71157618915083
0.4704061475382013	331.8760422960041
0.4511158931331218	331.8958416773583
0.4279675878470264	331.9196009349833
0.4125353843229629	331.93544044006666
0.3874637105624612	331.10584636132626
0.3488888587184027	330.2901118495337
0.3488888587184027	330.2901118495337
0.3296099182455259	328.59924468188615
0.3103196638404464	328.6190440632403
0.2871713585543509	328.6428033208653
0.2698214435219817	326.94995621508235
0.2524602145574102	326.9677756583011
0.2312522486440249	325.27888842878895
0.2061749179174214	325.3046276245494
0.1946007652743735	325.3165072533619
0.1714694308865825	322.7742666874843
0.1502671219392986	320.2300461834712
0.129053499059812	319.3964922284599
0.1097689016208338	318.5609583353133
0.0905012750801588	315.1594246186639
0.0712279915733833	312.6132241765154
0.0461732887111847	309.21763027427227
0.0346161069664407	306.6635100795822
0.0288460015432203	304.1034500704858
0.0230758961199999	301.5433900613894
0.0115469992057621	294.71260349419475
0.0077794597823652	281.03123097845145
0.0115752840362679	290.4359371216904
0.0078473433755794	270.76723168444084
0.0002387239694701	254.5238192214657
0.0003348923931905	239.9831535549506
0.0043230534945339	220.3065283651594
0.0025128243421512	202.34650953877627
0.0007082521558694	183.5311574378922
-0.0011076339626145	166.42647188600984
-0.0009944946405906	149.31980639599217
0.0010533270880426	131.3558276933382
-0.0007455881321378	111.6851423179532
-0.0044791857589272	92.87177015520456
0.0014380007829242	73.19316502727781
-0.0023012538099669	55.23512613903017
-0.0002477751152323	36.41581416187523
-0.0039700588098194	15.891775450124785
