# Relative Pressure (p/p0)    Quantity Adsorbed
0.9466899509803921	 494.0625
0.9270821078431372	494.0625
0.9035465686274512	495.6250000000001
0.8878664215686276	494.0625
0.8682585784313726	494.0625
0.8486568627450981	492.5000000000001
0.8290551470588237	490.9375000000001
0.8035710784313725	489.3750000000001
0.7859240196078432	489.3750000000001
0.7682769607843136	489.3750000000001
0.7486691176470588	489.3750000000001
0.729061274509804	489.3750000000001
0.7055318627450982	489.3750000000001
0.6878848039215688	489.3750000000001
0.6702377450980392	489.3750000000001
0.6447475490196077	489.3750000000001
0.6290612745098039	489.3750000000001
0.6055441176470591	486.2500000000001
0.5878970588235295	486.2500000000001
0.5682892156862744	486.2500000000001
0.5467205882352941	486.2500000000001
0.5271127450980393	486.2500000000001
0.5055441176470589	486.2500000000001
0.4879031862745099	484.6875000000001
0.4702561274509804	484.6875000000001
0.4467267156862745	484.6875000000001
0.4290796568627451	484.6875000000001
0.4055624999999999	481.5625
0.3859485294117648	483.1250000000001
0.3643921568627452	480.0000000000001
0.3428235294117648	480.0000000000001
0.3428235294117648	480.0000000000001
0.3232156862745098	480.0000000000001
0.3075232843137255	481.5625
0.3075232843137255	481.5625
0.2879399509803922	475.3125
0.2663590686274509	478.4375000000001
0.2467573529411765	476.8750000000001
0.2271495098039215	476.8750000000001
0.2075477941176471	475.3125
0.1879399509803921	475.3125
0.168344362745098	472.1875000000001
0.1487365196078431	472.1875000000001
0.1271801470588235	469.0625
0.107578431372549	467.5000000000001
0.0899436274509803	464.3750000000001
0.0683933823529411	459.6875000000001
0.046843137254902	455.0000000000001
