# Relative Pressure (p/p0)    Quantity Adsorbed
0.9299611027010881	 263.8334883342045
0.902960403500078	263.0058741935995
0.8894628823826229	262.16440048604653
0.8721073103841532	261.3268866547644
0.8489590050980578	261.35064591238944
0.8258106998119623	261.3744051700145
0.8065204454068824	261.39420455136866
0.7872301910018029	261.41400393272284
0.7717979874777399	261.4298434378062
0.7467206567511364	261.4555826335666
0.723572351465041	261.47934189119167
0.704282097059961	261.49914127254584
0.6888498935358971	261.5149807776292
0.6695596391308181	261.5347801589834
0.6483347023191293	262.41189275297387
0.6251863970330338	262.43565201059886
0.6097541935089703	262.4514915156822
0.5885462275955855	260.7626042861701
0.5673212907838967	261.63971688016056
0.5499600618193252	261.6575363233793
0.5306698074142457	261.67733570473354
0.5036634512471347	261.7050548386294
0.4882312477230708	261.7208943437127
0.4882312477230708	261.7208943437127
0.4689409933179913	261.74069372506693
0.4457926880318958	261.7644529826919
0.430354827541731	262.63562576227616
0.4052831537812289	261.8060316835357
0.3859928993761494	261.82583106488994
0.3667026449710699	261.8456304462441
0.3512704414470065	261.8614699513275
0.3281277931270123	261.0298959344516
0.3088375387219328	261.04969531580576
0.2876182588763454	261.0714746352954
0.2721917123183828	260.23198086587786
0.2471143815917797	260.2577200616383
0.2297531526272083	260.2755395048571
0.210474212154331	258.58467233720944
0.1911896147153529	257.74913844406274
0.1680469663953583	256.9175644271869
0.1526147628712948	256.93340393227027
0.1313954830257073	256.9551832517599
0.114045567993338	255.2623361459769
0.0947609705543599	254.42680225283016
0.0735530046409751	252.737915023318
0.0504160132870818	251.05100773194124
0.0388531745762366	249.352220811752
0.0311540437125086	246.79414074079097
0.0215315443743735	243.38270733346457
0.0099800195957304	239.9732538642735
0.0042325420369149	233.9918607571736
0.0043513383250401	216.02986199265496
0.0006120837321494	198.0718231044073
0.0007478509185778	177.543824516386
0.0008553332745009	161.29249230086913
0.0029144689353364	141.6178470492133
0.0030502361217648	121.0898484611921
0.0012513209015843	101.41916308580716
0.0013870880880131	80.8911644977859
0.0015228552744419	60.363165909764575
0.0016529654947694	40.69050059624419
0.0017830757150969	21.01783528272381
