# Relative Pressure (p/p0)    Quantity Adsorbed
-0.0005099062800055787	 33.66886049812865
-0.0020994022800706	71.30812577967026
-0.0021246323753096	78.0294231513742
0.0021493457581986	96.849055792145
0.006478830101233	100.88183421516736
0.0108083144442675	104.91461263818974
0.0151377987873021	108.94739106121187
0.0209205366161103	111.63591000989368
0.0252550669781925	114.32442895857504
0.0339443117785486	114.32442895857504
0.0411803030931307	115.6686884329158
0.0469731329600345	115.6686884329158
0.0701343603895546	118.3572073815974
0.0875027579521708	121.04572633027897
0.1106740774197868	121.04572633027897
0.128042474982403	123.73424527896054
0.1483173795165667	123.73424527896054
0.1700404915174566	123.73424527896054
0.1888671885848941	123.73424527896054
0.2091370471000101	125.07850475330132
0.2294119516341738	125.07850475330132
0.2496868561683377	125.07850475330132
0.2685135532357757	125.07850475330132
0.2873402503032133	125.07850475330132
0.3090633623041031	125.07850475330132
0.3307713362478496	129.1112831763237
0.3525045402868351	126.42276422764212
0.3698880759065944	125.07850475330132
0.3698880759065944	125.07850475330132
0.3901579344217106	126.42276422764212
0.4118760004035525	127.76702370198268
0.42926458204236	125.07850475330132
0.4480862330907499	126.42276422764212
0.4698093450916397	126.42276422764212
0.4900842496258036	126.42276422764212
0.5103541081409194	127.76702370198268
0.5306340586941313	126.42276422764212
0.5523622167140686	125.07850475330132
0.5682924988480546	125.07850475330132
0.5900156108489442	125.07850475330132
0.6102905153831081	125.07850475330132
0.6233294286026899	123.73424527896054
0.6479388634989361	126.42276422764212
0.6638691456329219	126.42276422764212
0.6899469720720851	123.73424527896054
0.702980839272619	123.73424527896054
0.7261572047592827	122.38998580461951
0.7464371553124945	121.04572633027897
0.7638105988941583	122.38998580461951
0.7855337108950481	122.38998580461951
0.8087100763817116	121.04572633027897
0.8231820590108757	123.73424527896054
0.8449102170308133	122.38998580461951
0.8651901675840251	121.04572633027897
0.8840168646514629	121.04572633027897
0.9057450226714004	119.70146685593818
0.926019927205564	119.70146685593818
0.9448567163110978	117.01294790725684
