# Relative Pressure (p/p0)    Quantity Adsorbed
-0.006349264705882318	 19.062500000000227
-0.0025747549019607	56.56250000000023
-0.0027953431372548	112.8125
-0.0029301470588234	147.18750000000023
-0.0053014705882352	251.87500000000023
-0.0014963235294117	281.5625000000001
-0.0055526960784312	315.9375000000001
-0.0056323529411763	336.2500000000001
-0.0018394607843136	369.0625000000001
-0.0018394607843136	369.0625000000001
-0.0039656862745097	411.2500000000001
0.0213223039215686	462.8125
0.0213223039215686	462.8125
0.0565612745098039	476.8750000000001
0.0565612745098039	476.8750000000001
0.084	480.0000000000001
0.1251519607843139	486.2500000000001
0.1251519607843139	486.2500000000001
0.1682647058823528	492.5000000000001
0.1682647058823528	492.5000000000001
0.1467022058823529	490.9375000000001
0.1858995098039215	495.6250000000001
0.2015919117647059	494.0625
0.2192389705882352	494.0625
0.2368737745098039	497.1875000000001
0.2643186274509804	498.7500000000001
0.2505931372549018	498.7500000000001
0.2858872549019607	498.7500000000001
0.3250845588235295	503.4375000000001
0.3250845588235295	503.4375000000001
0.3466531862745098	503.4375000000001
0.3466531862745098	503.4375000000001
0.3054889705882352	500.3125
0.3643063725490196	501.8750000000001
0.3858811274509804	500.3125
0.403515931372549	503.4375000000001
0.4270330882352942	506.5625
0.4486139705882354	503.4375000000001
0.4878357843137255	501.8750000000001
0.4878357843137255	501.8750000000001
0.4682218137254902	503.4375000000001
0.5093860294117647	506.5625
0.548607843137255	505.0000000000001
0.548607843137255	505.0000000000001
0.5270392156862747	505.0000000000001
0.572125	508.1250000000001
0.5878174019607842	506.5625
0.6054583333333334	508.1250000000001
0.6486017156862744	506.5625
0.6486017156862744	506.5625
0.6231176470588236	505.0000000000001
0.6897720588235294	508.1250000000001
0.6662610294117648	503.4375000000001
0.7054583333333333	508.1250000000001
0.7231053921568626	508.1250000000001
0.744674019607843	508.1250000000001
0.7642757352941176	509.6875000000001
0.7799620098039215	509.6875000000001
0.7976090686274508	509.6875000000001
0.8211446078431373	508.1250000000001
0.8427132352941176	508.1250000000001
0.8682034313725489	508.1250000000001
0.879968137254902	508.1250000000001
0.9191715686274508	511.2500000000001
