# Relative Pressure (p/p0)    Quantity Adsorbed
0.9506599416653656	 342.50237026879637
0.9313470593958808	345.9435027481541
0.9120568049908012	345.9633021295083
0.8889084997047059	345.98706138713334
0.8696239022657282	345.1515274939866
0.8484102793862416	344.3179735389753
0.8271909995406541	344.3397528584649
0.8079120590677769	342.64888569081734
0.7905564870693058	341.81137185953526
0.7654791563427028	341.83711105529574
0.7481179273781318	341.8549304985145
0.7288333299391532	341.0193966053678
0.705690681619159	340.1878225884918
0.690258478095096	340.2036620935752
0.6690448552156094	339.370108138564
0.6478199184039206	340.2472207325544
0.6092507235259639	338.576152946261
0.6092507235259639	338.576152946261
0.6266006385583331	340.269000052044
0.5899661260869857	337.7406190531144
0.5706758716819063	337.76041843446853
0.5475219094297095	338.63951096659446
0.5089527145517532	336.96844318030105
0.5089527145517532	336.96844318030105
0.5263139435163247	336.9506237370823
0.4858044092656577	336.99220243792604
0.4665141548605787	337.0120018192803
0.447235214387701	335.3211346516327
0.4260215915082153	334.4875806966214
0.3893757651046647	333.6698662466935
0.404796654696526	335.3646932906119
0.3643040913441631	332.84027216795306
0.3469428623795911	332.8580916111718
0.329587290381121	332.02057777988966
0.3064502990272277	330.3336704885129
0.2852253622155398	331.21078308250344
0.2659407647765608	330.3752491893567
0.2293005953391125	328.7022014649279
0.2485795358119893	330.3930686325755
0.2485795358119893	330.3930686325755
0.204223264612509	328.7279406606883
0.1849443241396318	327.03707349304074
0.1656540697345523	327.05687287439497
0.1483098116682843	324.5086924941111
0.1270961887887982	323.67513853909975
0.0904673332835517	320.2914242656692
0.0904673332835517	320.2914242656692
0.1078172483159209	321.98427137145217
0.0654069734552522	317.751163637927
0.0480853432533892	311.7816501596396
