# Relative Pressure (p/p0)    Quantity Adsorbed
0.9504224753208493	 177.5046242525916
0.9258029483865076	177.5046242525916
0.915665496119426	177.5046242525916
0.8924891306327621	178.8488837269324
0.8707660186318723	178.8488837269324
0.8475946991642566	178.8488837269324
0.8287680020968188	178.8488837269324
0.8113895124961071	178.8488837269324
0.7925678614477171	177.5046242525916
0.7708447494468272	177.5046242525916
0.7505698449126635	177.5046242525916
0.7288467329117737	177.5046242525916
0.7114682433110621	177.5046242525916
0.6882969238434461	177.5046242525916
0.6723666417094604	177.5046242525916
0.6506435297085705	177.5046242525916
0.6332650401078587	177.5046242525916
0.612990135573695	177.5046242525916
0.5912670235728054	177.5046242525916
0.5724403265053674	177.5046242525916
0.5492690070377516	177.5046242525916
0.5304473559893615	176.16036477825082
0.5072709905026981	177.5046242525916
0.4913457543877598	176.16036477825082
0.4681744349201441	176.16036477825082
0.4478995303859802	176.16036477825082
0.4305210407852685	176.16036477825082
0.4087979287843787	176.16036477825082
0.3899712317169409	176.16036477825082
0.3697013732018249	174.8161053039098
0.3508746761343871	174.8161053039098
0.3305997716002234	174.8161053039098
0.3074385441707031	172.12758635522846
0.2900600545699915	172.12758635522846
0.2712384035216014	170.78332688088767
0.2495152915207116	170.78332688088767
0.227787133500774	172.12758635522846
0.2104136899191101	170.78332688088767
0.1901387853849462	170.78332688088767
0.1713120883175084	170.78332688088767
0.1467026534212624	168.0948079322061
0.1293241638205505	168.0948079322061
0.1090543053054345	166.7505484578653
0.0873412853426404	164.06202950918373
0.0685145882752026	164.06202950918373
0.0496979832458605	161.37351056050215
