# Relative Pressure (p/p0)    Quantity Adsorbed
-0.0024338235294117383	 20.625000000000227
-0.0064473039215686	44.06250000000023
-0.0026421568627451	73.75
-0.0027156862745097	92.50000000000024
-0.0027156862745097	92.50000000000024
-0.0027769607843137	108.12500000000024
-0.0028749999999999	133.12500000000023
-0.0029301470588234	147.18750000000023
-0.0049767156862744	169.0625
-0.0050379901960783	184.68750000000023
-0.001220588235294	211.25
-0.0013002450980391	231.56250000000023
-0.0013431372549018	242.5
-0.001392156862745	255.0
0.0004889705882353	275.3125000000001
0.0003970588235294	298.7500000000001
0.0003357843137255	314.3750000000002
0.0003296568627451	315.9375000000001
0.0002867647058824	326.875
-0.0037144607843137	347.1875000000001
4.16666666667e-05	389.3750000000001
4.16666666667e-05	389.3750000000001
0.0018860294117647	419.0625
0.0018860294117647	419.0625
0.0057585784313725	431.5625
0.0135833333333333	436.2500000000001
0.0272904411764706	440.9375000000001
0.0331605392156862	444.0625
0.0409730392156862	451.8750000000001
0.0586200980392157	451.8750000000001
0.0821311274509805	456.5625
0.1017267156862745	459.6875000000001
0.1271924019607843	465.9375000000001
0.1703296568627451	465.9375000000001
0.1703296568627451	465.9375000000001
0.2055992647058824	472.1875000000001
0.2055992647058824	472.1875000000001
0.2291286764705883	472.1875000000001
0.2644105392156863	475.3125
0.2644105392156863	475.3125
0.2938223039215687	475.3125
0.3251825980392158	478.4375000000001
0.3251825980392158	478.4375000000001
0.3487120098039217	478.4375000000001
0.3643921568627452	480.0000000000001
0.3879154411764707	481.5625
0.4114448529411766	481.5625
0.4212487745098039	481.5625
0.4447781862745098	481.5625
0.4604644607843137	481.5625
0.4800661764705883	483.1250000000001
0.5075232843137255	481.5625
0.5251642156862746	483.1250000000001
0.5486813725490196	486.2500000000001
0.5702500000000001	486.2500000000001
0.5839754901960785	486.2500000000001
0.6094595588235294	487.8125
0.6310281862745097	487.8125
0.6545575980392158	487.8125
0.6859301470588235	487.8125
0.7055318627450982	489.3750000000001
0.7447536764705882	487.8125
0.7251335784313726	490.9375000000001
0.7682769607843136	489.3750000000001
0.809453431372549	489.3750000000001
0.809453431372549	489.3750000000001
0.7820024509803922	489.3750000000001
0.8270882352941178	492.5000000000001
0.8408198529411766	490.9375000000001
0.8643492647058824	490.9375000000001
0.8839571078431372	490.9375000000001
0.8996433823529413	490.9375000000001
0.9231666666666668	492.5000000000001
