# Relative Pressure (p/p0)    Quantity Adsorbed
0.9492513571061676	 263.81368895285027
0.9299441318027846	266.3994881577072
0.8913692799587265	265.5837536459146
0.8913692799587265	265.5837536459146
0.9164466106853296	265.5580144501542
0.8662976061982239	264.7541595671742
0.85085974570806	265.6253323467584
0.8277170973880654	264.7937583298826
0.8084268429829855	264.8135577112368
0.789136588577906	264.833357092591
0.7659882832918106	264.857116350216
0.7505560797677471	264.8729558552994
0.7312658253626676	264.8927552366536
0.7100465455170801	264.9145345561432
0.6888216087053913	265.7916471501336
0.6714603797408207	265.80946659335234
0.6483177314208257	264.97789257647656
0.6290274770157462	264.99769195783074
0.6097372226106668	265.0174913391849
0.5904469682055873	265.0372907205391
0.5672986629194918	265.06104997816414
0.5518664593954283	265.0768894832475
0.5287181541093329	265.1006487408725
0.5074988742637454	265.1224280603621
0.4882086198586659	265.1422274417163
0.4689183654535864	265.1620268230705
0.4515571364890149	265.17984626628925
0.4264798057624119	265.2055854620497
0.407189551357332	265.2253848434039
0.3898283223927605	265.24320428662264
0.3666856740727664	264.41163026974675
0.3454720511932803	263.5780763147355
0.3300398476692168	263.5939158198188
0.3126786187046453	263.6117352630376
0.2933883642995658	263.63153464439176
0.2683110335729624	263.65727384015224
0.2490207791678829	263.6770732215064
0.2278014993222954	263.69885254099603
0.2104459273238248	262.8613387097139
0.1930846983592529	262.8791581529327
0.1699420500392592	262.0475841360568
0.1506517956341797	262.067383517411
0.1294381727546936	261.2338295623997
0.1082245498752074	260.40027560738844
0.0870165839618222	258.71138837787623
0.067731986522844	257.8758544847296
0.0503877284565761	255.3276741044457
