# Relative Pressure (p/p0)    Quantity Adsorbed
0.9469873473938518	 475.33875338753364
0.9365602536334248	475.3387533875336
0.9115279623409708	477.2744870305844
0.8884724994706931	477.2744870305844
0.8696458024032551	477.2744870305844
0.8479226904023655	477.2744870305844
0.8305341087635579	479.963005979266
0.8102592042293942	479.963005979266
0.7928807146286821	479.963005979266
0.7682611876943405	479.963005979266
0.7523309055603548	479.963005979266
0.7291595860927388	479.963005979266
0.7161257188922049	479.963005979266
0.6900529384720894	481.3072654536068
0.6726744488713775	481.3072654536068
0.6466067144703099	481.3072654536068
0.6350210547365019	481.3072654536068
0.6104015278021601	481.3072654536068
0.5944712456681743	481.3072654536068
0.5684035112671065	481.3072654536068
0.5553645980475251	482.6515249279476
0.5321882325608612	483.9957844022882
0.5148147889791975	482.6515249279476
0.4930916769783077	482.6515249279476
0.4670289885962876	481.3072654536068
0.4496454529765282	482.6515249279476
0.4279223409756384	482.6515249279476
0.4062042749937961	481.3072654536068
0.3859243244405849	482.6515249279476
0.3656494199064209	482.6515249279476
0.3482709303057091	482.6515249279476
0.3280010717905929	481.3072654536068
0.3048297523229771	481.3072654536068
0.2860030552555394	481.3072654536068
0.2657281507213757	481.3072654536068
0.2469115456920335	478.6187465049253
0.2251884336911437	478.6187465049253
0.2078149901094798	477.2744870305844
0.188988293042042	477.2744870305844
0.1658321116315696	473.24170860756215
0.1484586680499057	471.89744913322136
0.1267355560490161	471.89744913322136
0.1064757895719955	467.8646707101991
0.0847678156282493	463.83189228717663
0.0674044640846808	459.7991138641544
0.0500512045792084	453.0778164924504
