# Relative Pressure (p/p0)    Quantity Adsorbed
0.9485894607843137	 509.6875000000001
0.930942401960784	509.6875000000001
0.9034914215686274	509.6875000000001
0.8936875	509.6875000000001
0.866236519607843	509.6875000000001
0.8485894607843136	509.6875000000001
0.8270269607843137	508.1250000000001
0.8074191176470586	508.1250000000001
0.7858504901960783	508.1250000000001
0.7701580882352941	509.6875000000001
0.7466348039215684	508.1250000000001
0.7466348039215684	508.1250000000001
0.7270269607843136	508.1250000000001
0.7270269607843136	508.1250000000001
0.7093799019607843	508.1250000000001
0.6878051470588236	509.6875000000001
0.6662426470588234	508.1250000000001
0.646640931372549	506.5625
0.6250723039215687	506.5625
0.6034975490196077	508.1250000000001
0.5878112745098039	508.1250000000001
0.5682095588235292	506.5625
0.5486017156862744	506.5625
0.527033088235294	506.5625
0.5074252450980392	506.5625
0.4897781862745098	506.5625
0.4682095588235294	506.5625
0.4466470588235294	505.0000000000001
0.4250845588235294	503.4375000000001
0.4093982843137255	503.4375000000001
0.3858688725490197	503.4375000000001
0.3623455882352941	501.8750000000001
0.3446985294117647	501.8750000000001
0.3270514705882353	501.8750000000001
0.3035281862745098	500.3125
0.2839203431372549	500.3125
0.2662732843137254	500.3125
0.2466654411764706	500.3125
0.2270698529411764	497.1875000000001
0.2055012254901961	497.1875000000001
0.1858995098039215	495.6250000000001
0.1662977941176471	494.0625
0.148656862745098	492.5000000000001
0.1271004901960785	489.3750000000001
0.1094595588235295	487.8125
0.0879093137254902	483.1250000000001
0.0683137254901961	480.0000000000001
0.0487242647058824	475.3125
