# Relative Pressure (p/p0)    Quantity Adsorbed
-0.0021761017695975937	 -0.8517228029427315
-0.0001633456918007	18.50561362756457
-0.0022850957810305	28.18428184281811
-0.0023504921878904	45.60588463027466
-0.0003450023775225	66.89895470383249
-0.0025030838038966	86.25629113433979
-0.0025684802107565	103.67789392179613
0.0015442271539833	119.16376306620168
-0.0006138542723906	138.52109949670898
-0.0006719844118215	154.00696864111478
-0.0028082670359091	167.55710414246985
-0.0008173097603989	192.7216415021292
-0.0008827061672588	210.14324428958548
-0.0030480538610618	231.4363143631433
-0.0031497816050659	258.5365853658535
-0.0031497816050659	258.5365853658535
-0.0011370255272692	277.8939217963606
-0.0011951556667002	293.37979094076627
0.002895752895753	314.6728610143242
-0.0013477472827064	334.0301974448314
0.0027576938146045	351.45180023228795
0.0027140962100312	363.0662020905921
0.0047341185552568	380.4878048780487
0.0067541409004824	397.909407665505
0.0108595819977934	415.33101045296144
0.019150393134133	428.8811459543165
0.0232848993011595	438.5598141695701
0.0357610804765277	448.23848238482367
0.0420028041979263	452.1099496709252
0.0690987154401788	455.98141695702657
0.0920237891782608	459.852884243128
0.1107852916796007	461.7886178861787
0.1274613754288552	463.72435152922935
0.1545572866711079	467.59581881533086
0.173318789172448	469.5315524583816
0.1879167204370456	469.5315524583816
0.2150053654118696	475.3387533875336
0.2296032966764675	475.3387533875336
0.2525574354842649	471.4672861014324
0.2692335192335194	473.4030197444829
0.2963366967432009	475.3387533875336
0.3317742829937954	479.2102206736352
0.3526212042472206	481.1459543166859
0.371411771818276	475.3387533875336
0.3859806380131586	483.0816879597365
0.4151837668097832	481.1459543166859
0.4339525355785522	481.1459543166859
0.454821255634264	477.2744870305844
0.4694191868988618	477.2744870305844
0.4923442606369438	481.1459543166859
0.5048567731494561	481.1459543166859
0.5298745319070525	483.0816879597365
0.5444797294390792	481.1459543166859
0.5674193357120186	481.1459543166859
0.5861881044807876	481.1459543166859
0.6570996083191208	479.2102206736352
0.673782958335804	479.2102206736352
0.6987934508259713	483.0816879597365
0.7092205445863985	483.0816879597365
0.7446871959067084	479.2102206736352
0.7592851271713065	479.2102206736352
0.786388304680988	481.1459543166859
0.8009789696781567	483.0816879597365
0.8280966797226962	481.1459543166859
0.8719050060513477	477.2744870305844
0.8406237247700664	477.2744870305844
0.909449809856314	475.3387533875336
0.924047741120912	475.3387533875336
