# Relative Pressure (p/p0)    Quantity Adsorbed
0.9477480852255017	 118.35720738159739
0.9361523334535984	121.04572633027897
0.9144342674717564	119.70146685593818
0.8941593629375925	119.70146685593818
0.8753276198511072	121.04572633027897
0.8550527153169433	121.04572633027897
0.8347727647637314	122.38998580461951
0.8188424826297457	122.38998580461951
0.798567578095582	122.38998580461951
0.7724897516564185	125.07850475330132
0.7551112620557067	125.07850475330132
0.7362845649882689	125.07850475330132
0.7131081995016054	126.42276422764212
0.6942815024341674	126.42276422764212
0.6783512203001817	126.42276422764212
0.6783512203001817	126.42276422764212
0.6566180162611964	129.1112831763237
0.6334517428126282	127.76702370198268
0.6102703313069168	130.45554265066448
