# Relative Pressure (p/p0)    Quantity Adsorbed
0.9940950631638668	 585.975599480982
0.8761718596408445	572.324382544416
0.7885807930168682	569.8546304253796
0.6949162776850963	564.5833684399731
0.5983028045992511	564.9765628071837
0.3898044700582486	551.693965589875
0.3898044700582486	551.693965589875
0.1963668840469816	535.5238472383708
0.1963668840469816	535.5238472383708
0.0246954147919722	327.0816833212557
0.0246954147919722	327.0816833212557
0.0171474872071408	205.5846238534168
0.0442849198726049	445.7035089788742
