# Relative Pressure (p/p0)    Quantity Adsorbed
0.9865247015506085	 332.55518229611494
0.9669570498586044	325.77198276680133
0.9530642069502172	314.9423978439522
0.9363434492968172	305.46034276604223
0.8830685721877432	298.6315929321112
0.8606540264571354	294.54724895139384
0.8185389739793885	293.1389853669647
0.790487578052345	290.39837537246854
0.7539714171838525	290.3490292091327
0.7118943232932871	286.2381142173888
0.6473077872041604	284.7994837632143
0.6080016701778361	283.3950160375032
0.6080016701778361	283.3950160375032
0.579912315663611	283.3570574503217
0.5377972631858643	281.9487938658924
0.5125737820038339	277.86065402645704
0.476133538309704	272.40600504849203
0.436941297044924	262.8935831008371
0.4032720302150354	260.14538138890475
0.3583290629922755	260.0846476494146
0.3330676232230636	258.699159217294
0.2488564975611609	254.53130634477796
0.2488564975611609	254.53130634477796
0.2291939494012034	254.5047353337509
0.161874395035017	247.6570062062292
0.122606236595874	243.5498870732033
0.0917269259238171	242.1568069236464
0.0440699197175881	235.33564880715176
0.0440699197175881	235.33564880715176
0.0329100950862609	229.91516255764984
0.0133614226878475	221.780637324679
-0.002714038983469	166.35350832242057
0.0004555030461765	140.68211581164974
0.0066617320503331	98.79861071570916
0.001537322780846	63.65655070318303
0.0048207405720359	29.87720397046837
0.0051433885630777	6.904667008294155
-0.005864601719524	190.6735751295339
