# Relative Pressure (p/p0)    Quantity Adsorbed
-0.0017825311942958333	 -0.024746718522120403
0.0115864527629233	0.000912007778318
0.0271836007130126	0.0393320369470089
0.0427807486631015	0.0522975206611562
0.053921568627451	0.1161040350024293
0.0762032085561497	0.1673534273213377
0.089572192513369	0.1675576081672289
0.107397504456328	0.2187389402041795
0.1207664884135473	0.2443976665046179
0.1341354723707666	0.2827836655323281
0.1475044563279857	0.3211696645600383
0.1697860962566844	0.3596917841516749
0.1853832442067735	0.4108390860476412
0.2054367201426026	0.4620544482255688
0.214349376114082	0.5003723869713141
0.2299465240641713	0.5133378706854614
0.2477718360071301	0.5517919299951366
0.2611408199643494	0.5774506562955768
0.2745098039215687	0.6158366553232852
0.2901069518716579	0.6669839572192497
0.3034759358288772	0.70536995624696
0.339126559714795	0.7950053475935821
0.3747771836007132	0.8337316480311099
0.3970588235294119	0.8849810403500218
0.43048128342246	0.9618551288283896
0.4616755793226381	1.0005133689839545
0.4861853832442069	1.064524064171124
0.5218360071301249	1.1159776373359236
0.5508021390374334	1.2055109382596
0.5797682709447416	1.2950442391832766
0.6131907308377897	1.3846456003889145
0.6399286987522281	1.4105085075352424
0.6733511586452763	1.5128371414681556
0.6956327985739752	1.5640865337870675
0.7290552584670233	1.6536878949927054
0.7624777183600715	1.7305619834710733
0.7892156862745099	1.7818794360719463
0.820409982174688	1.9223558580456943
0.844919786096257	2.0372756441419515
0.880570409982175	2.203274671852212
0.911764705882353	2.4328420029168694
0.9229055258467024	2.5857394263490487
0.9273618538324424	2.763989304812833
0.9407308377896612	2.9805571220223595
0.9474153297682713	3.133386485172581
0.9585561497326204	3.4262839086047627
0.9674688057041	3.680965483714143
