# Relative Pressure (p/p0)    Quantity Adsorbed
0.9381554627956723	 304.7785184723693
0.8189417066434073	300.7289265466326
0.772838660104251	305.538595726123
0.1170332066537906	302.4235250140178
0.2525283990613249	303.3331256619525
0.1793553880339748	303.6695532988599
0.1793553880339748	303.6695532988599
0.2958797998047886	304.6663759267336
0.4340851037318545	305.56351629181984
0.602112017942807	304.79097875521774
0.6752850289701573	304.45455111831035
0.5343384628164392	308.1677154071397
0.0818225240379622	299.5202791103358
0.2173177164454962	300.42987975827054
0.0439017299026018	296.62949348950224
0.0060017029053223	290.67347828795715
-0.0074346354328913	273.8770170082861
-0.0069985255331965	209.507195813345
-0.0041222769090192	184.97289888480475
-0.0011733433015597	149.71029842377425
-0.0007268498328245	83.8078624384774
-0.0003634249164123	30.16634477602633
