# Relative Pressure (p/p0)    Quantity Adsorbed
0.9851779766217867	 597.3167995101903
0.8732931151666299	583.6410079256739
0.7615837869111215	584.0956389127605
0.6770469979610065	584.4396839840692
0.5803633115953022	579.180709322638
0.4716380477337965	576.796968471428
0.4142386914491456	574.2043431126385
0.4142386914491456	574.2043431126385
0.3900853231776842	574.3026417044412
0.290347359138118	566.2298698526647
0.1935583528526252	552.4926416482695
0.0966991332872737	533.1032444152361
0.0506041150599059	468.287610445489
0.0207985777598032	256.44185778721385
0.0016654589982532	174.55913081576546
