# Relative Pressure (p/p0)    Quantity Adsorbed
0.9975812156293025	 405.1338317956049
0.9900662503517884	394.3006442485416
0.9775387728092124	376.6971423355719
0.9297944033284906	334.7437838002295
0.8869256337899609	323.9585155661705
0.8566604041956021	317.22242928098194
0.8213294186550646	313.2040526047569
0.7834579489012785	311.8999627294231
0.7481269633607412	307.88158605319813
0.7178313088057442	306.5672277536489
0.472917981912361	300.1220801545587
0.4350693308790534	294.7516942899956
0.3971826486449483	296.15846840748145
0.3568011196385514	292.14693734739967
0.3365913395349547	293.5297518083837
0.2936693263153092	292.2325075491931
0.260840793787223	292.2770040541259
0.2229997489940747	285.5511861931527
0.1901636102258292	286.95111469449535
0.1573350776977435	286.9956111994279
0.1144282769584168	282.9875029474181
0.0816073506704901	281.6765674559408
0.0513269085958121	277.65134516357216
0.0235641320139043	274.97813205954185
0.0134782575625043	272.2809592990088
0.0134858638026638	270.925527302599
0.0008899300986531	265.5209133573185
0.0009279612994501	258.7437533752693
0.0035749328749306	237.0534186246396
0.0038639700009888	185.54700276106496
-0.0009127488191311	136.75829650645392
-0.0006845616143484	96.0953366141582
-0.0029131899810603	43.23691156224572
0.0048603874618737	7.985411231374201
-0.0005096180906816	64.9204006967318
-0.0005096180906816	64.9204006967318
-0.0002662184055799	21.546576811616436
0.0042899194499168	109.64281096211312
0.004206250808163	124.55256292262152
-0.0056666489187728	83.90329426261314
0.0015288542720448	151.6646256588906
-0.0063359980528026	203.1813099466804
-0.0039248199222641	223.5093670847564
-0.0039248199222641	223.5093670847564
-0.0036205703158871	169.2920872283621
