# Relative Pressure (p/p0)    Quantity Adsorbed
0.9561128526645768	 584.9802371541502
0.8557993730407523	572.3320158102769
0.8557993730407523	572.3320158102769
0.8087774294670846	572.3320158102769
0.7492163009404389	572.3320158102769
0.7053291536050157	569.1699604743084
0.6520376175548588	566.00790513834
0.6081504702194356	566.00790513834
0.5548589341692789	559.6837944664032
0.5047021943573666	559.6837944664032
0.4514106583072099	562.8458498023716
0.4043887147335421	553.3596837944665
0.3385579937304075	556.5217391304349
0.2978056426332287	550.1976284584981
0.244514106583072	540.711462450593
0.2131661442006269	540.711462450593
0.1410658307210031	528.0632411067195
0.1003134796238243	521.7391304347827
0.0721003134796237	509.0909090909093
0.0564263322884012	490.11857707509887
0.0564263322884012	467.9841897233204
0.031347962382445	322.52964426877486
0.031347962382445	322.52964426877486
0.025078369905956	284.58498023715424
0.0156739811912225	265.612648221344
0.0	224.5059288537552
0.0	202.37154150197648
0.0	202.37154150197648
-0.0094043887147335	170.75098814229273
-0.0094043887147335	170.75098814229273
-0.0094043887147335	145.4545454545455
-0.006269592476489	120.15810276679872
-0.006269592476489	104.3478260869565
-0.006269592476489	66.40316205533622
-0.006269592476489	15.810276679842218
-0.006269592476489	15.810276679842218
