# Relative Pressure (p/p0)    Quantity Adsorbed
-0.00019015600398564203	 7.992256847517865
-0.0028523400597848	32.39345559096705
0.0022362346068716	25.60944999277399
-0.0029360087015386	47.303207551475225
-0.0030120711031329	60.85752751557379
-0.0030120711031329	60.85752751557379
-0.0031337709456837	82.54443945813159
-0.0031337709456837	82.54443945813159
-0.0030957397448865	75.76727947608242
-0.0057807425211644	104.23477420876088
-0.0006845616143484	96.0953366141582
-0.0006845616143484	96.0953366141582
-0.0007986552167398	116.42681656030597
-0.0008975363388123	134.04743251363425
-0.0008975363388123	134.04743251363425
-0.0034836579930173	144.89431129298487
-0.0010116299412037	154.378912459782
-0.0010724798624792	165.2223684310609
-0.001140936023914	177.42125639874962
-0.0012169984255083	190.9755763628482
-0.0012930608271026	204.52989632694675
-0.0013615169885374	216.7287842946355
-0.0014147606696532	226.21680826950436
-0.0015212480318853	245.19285621924223
-0.0015212480318853	245.19285621924223
-0.0039856698435396	234.35282305603528
0.0034912642331768	251.963170585148
0.0236401944154986	261.42381209544305
0.0236401944154986	261.42381209544305
0.0438043370781389	268.1735896129185
0.0816453818712874	274.89940747389164
0.1170067923724622	273.4960561644773
0.1876915821740157	277.4665135276982
0.1876915821740157	277.4665135276982
0.2255630519278018	278.7706034030318
0.2255630519278018	278.7706034030318
0.1548630496459295	277.5110100326308
0.260894037468339	282.78898007925704
0.3290915867377595	279.9857002685003
0.2937301762365845	281.3890515779144
0.2937301762365845	281.3890515779144
0.3972511048063831	283.9595804397927
0.3568467570795079	284.01434536894067
0.3568467570795079	284.01434536894067
0.4704763788211847	285.21575100212203
0.4351225745601692	285.26367031512655
0.4351225745601692	285.26367031512655
0.5436864403556678	289.18278555727125
0.5436864403556678	289.18278555727125
0.5032973051091116	286.5266864935993
0.5739820949106649	290.49714385682023
0.6118611709046102	290.445801735744
0.6446897034326962	290.40130523081143
0.6875965041720227	294.40941348282126
0.7178997649671792	294.3683397859604
0.7482030257623355	294.3272660890996
0.7885845547687322	298.3387971491811
0.851701135611656	300.96409094020714
0.851701135611656	300.96409094020714
0.8188802093237293	299.6531554487301
0.8845220618995826	302.2750264316844
0.9249111971461386	304.93112549535635
0.9577245171939056	307.59749298324346
0.9703128446577572	314.35753892493403
0.9929794403328488	325.17018962356724
