# Relative Pressure (p/p0)    Quantity Adsorbed
0.9926904032067905	 376.6766054871416
0.9422610309497912	363.1907416844781
0.8917632025313569	361.90376584950286
0.8210327752888469	366.0659004647412
0.7503479854872936	362.09544310152046
0.6796327707251029	363.5467137239393
0.6089479809235496	359.57625636071816
0.5685512394368339	358.2755892934563
0.543298522107537	358.3098173741737
0.5003765088878915	357.0125731149835
0.472598519825665	357.05022400377266
0.4347270500718792	355.74613412843905
0.3968479740779336	355.79747624951506
0.3615017760570771	354.48996356610974
0.3312061215020803	353.17560526656075
0.2579884537274377	350.5640027078214
0.2579884537274377	350.5640027078214
0.2226422557065817	349.25649002441605
0.1468917099588502	348.0037422701582
0.1468917099588502	348.0037422701582
0.189806116938336	350.65641852575845
0.1140555711906048	349.4036707715011
0.0812422511428376	346.73730328361376
0.0509465965878408	345.4229449840648
0.0307672414448814	341.38403145940924
0.0131131580348518	337.341695126682
0.0055677677967005	331.9302355652576
0.0005780742521164	321.0936252101226
-0.0017722539571465	289.92211210076766
-0.0040845509656122	251.97343900936332
-0.0038943949616263	218.0876390991168
0.0039248199222643	174.70354678978606
-0.0033923831111042	128.6291273360664
-0.0031718021464808	89.32159944018076
-0.0054764929147872	50.01749435236661
0.0023351157289441	7.988834039446147
