# Relative Pressure (p/p0)    Quantity Adsorbed
1.0003422808071745	 363.1120170988279
0.9574506925481664	356.39304485399816
0.9574506925481664	356.39304485399816
0.9776300476911256	360.4319583786537
0.9246373725003992	353.72667736611106
0.8867659027466133	352.42258749077746
0.8135406287318114	351.16641692844814
0.8135406287318114	351.16641692844814
0.8589879136843865	352.4602383795666
0.788295517642674	349.8452130127555
0.7554593788744286	351.2451415140981
0.7150626373877127	349.944474446836
0.6771835613937673	349.99581656791224
0.6443702413460002	347.32944908002514
0.5762107232773768	343.3555689087327
0.6115417088179143	347.3739455849577
0.6115417088179143	347.3739455849577
0.5408645252565205	342.0480562253272
0.505518327235664	340.74054354192185
0.4651215857489486	339.43987647465974
0.4322930532208624	339.48437297959254
0.4019973986658656	338.17001468004355
0.3742270158437983	336.85223357242285
0.3388960303032606	332.83385689619786
0.3010321667896343	330.174335024454
0.2606278190627591	330.2290999536019
0.2252816210419028	328.9215872701964
0.1520639532672605	326.3099847114572
0.1520639532672605	326.3099847114572
0.187410151288117	327.6174973948628
0.1192506332194933	323.6436172235701
0.0813867697058667	320.9840953518267
0.0485810558982591	316.96229586752975
0.0233511572894404	312.93022795901766
0.018300613823581	312.9370735751611
0.0082299518524997	307.5290368218084
0.008267983053297	300.75187683975923
0.0032554707882346	293.9815624738535
0.0033087144693506	284.49353849898444
0.0033543519103071	276.3609465205252
-0.0066858851001361	265.53118178153363
-0.0066022164583825	250.62142982102523
-0.006541366537107	239.77797384974636
-0.0065261540567882	237.06710985692663
-0.0090057883487613	228.93794068653915
-0.0089601509078047	220.80534870808012
-0.0088993009865292	209.96189273680125
-0.0113637227981835	199.1218595735941
-0.011356116558024	197.76642757718423
-0.0113104791170675	189.63383559872523
-0.0112648416761109	181.501243620266
-0.0111963855146761	169.30235565257726
-0.0136684135664897	159.81775448577991
-0.0111203231130818	155.7480356884787
-0.0110822919122846	148.97087570642952
-0.0034988704733363	147.6051752858045
-0.0034456267922202	138.11715131093547
-0.0033847768709447	127.27369533965656
-0.0033391394299882	119.14110336119757
-0.0032782895087128	108.29764738991868
-0.0057198925998889	93.39131823748198
-0.0056894676392513	87.96959025184265
-0.0081614956910649	78.4849890850453
-0.0106030987822407	63.57865993260884
-0.0080093708878763	51.37634915684839
-0.0104890051798494	43.24717998646088
-0.0104281552585738	32.403724015182206
-0.0104281552585738	32.403724015182206
-0.010374911577458	22.915700040312917
-0.010321667896342	13.427676065443848
