# Relative Pressure (p/p0)    Quantity Adsorbed
0.5054726897947075	 348.8731355203811
0.5054726897947075	348.8731355203811
0.5332582850970937	347.4800526351819
0.603943074898647	351.4505099984028
0.5711221486107201	350.1395745069253
0.4600254048421326	347.5793140692624
0.4600254048421326	347.5793140692624
0.6418373633729111	348.6883038845069
0.6771683489134486	352.70668056073214
0.7529493196218175	348.5377003293502
0.7529493196218175	348.5377003293502
0.7100044876816942	351.3067520593895
0.7807044899635662	352.56634542979054
0.8160659004647413	351.1629941203764
0.8514197047257572	351.1150748073719
0.8892987807197021	351.0637326862959
0.914551498048999	351.0295046055785
0.4373359904465621	340.83295935985893
0.3313126088643123	334.1995573168226
0.3313126088643123	334.1995573168226
0.2580873348495103	332.9433867544936
0.1823520015820978	328.97977500741604
0.0864373131717259	320.97724973568324
0.0283940945151401	314.2788143392838
-0.0043507693711921	299.4135588837082
-0.001711404035871	279.0786561294888
-0.0039324261624236	224.8647990811662
-0.0060773858873821	157.09662206874532
-0.0005856804922759	78.47472066083014
-0.0026926090164369	3.929383666359854
-0.0053547930722364	28.33058240980904
-0.0033163207095099	115.07480737196806
-0.0088080261046161	193.696708779883
