# Relative Pressure (p/p0)    Quantity Adsorbed
-0.0025192524813366646	 80.74541226429301
-0.0019715888984372	124.8323306876964
0.0019041841497737	145.16539440203542
0.0058220851659003	168.8897595335593
0.0058220851659003	168.8897595335593
0.0062854928129687	206.19407512259204
0.0062854928129687	206.19407512259204
0.0141634228131373	257.03410680282377
0.0141634228131373	257.03410680282377
0.0292452353268295	304.453347488331
0.0371652932949131	358.6846805857467
0.0528368973594188	453.5821411118404
0.1004836290716681	497.4773772812296
0.1004836290716681	497.4773772812296
0.1804425121749835	517.5008004313904
0.1804425121749835	517.5008004313904
0.2566520061338324	527.3650641187669
0.3508922703604469	530.3730010279214
0.3508922703604469	530.3730010279214
0.4451325345870618	533.3809379370769
0.4924001145880727	546.7544613518012
0.4924001145880727	546.7544613518012
0.5466609372630304	539.7506866858757
0.6046290211145373	539.5147700655498
0.6481472119710832	542.7291340174907
0.691623274859714	542.5521965522457
0.793151677535683	548.9219453010455
0.793151677535683	548.9219453010455
0.7460104814384176	545.7223261378749
0.8438737509057521	548.7155182582601
0.9055069679658936	551.8561582663488
0.9453600256138048	551.693965589875
