# Relative Pressure (p/p0)    Quantity Adsorbed
0.9828859596412893	 323.8284488594443
0.9652394824714194	318.430680530307
0.9324337686638116	314.40888104601004
0.8971027831232743	310.39050436978505
0.823885115348632	307.7789018110459
0.823885115348632	307.7789018110459
0.7885389173277757	306.4713891276401
0.7506826600543084	302.45643525948685
0.685017988757977	303.9008602657618
0.685017988757977	303.9008602657618
0.7178465212860632	303.85636376082925
0.6496717907371206	302.5933475823565
0.6118079272234942	299.93382571061284
0.5714111857367783	298.6331586433509
0.5436255904343925	300.0262415285499
0.5108046641464656	298.71530603707265
0.4754812848460878	293.3414973644378
0.3290687680172812	284.0519962577298
0.3290687680172812	284.0519962577298
0.4300644248541503	286.6259479276798
