# Relative Pressure (p/p0)    Quantity Adsorbed
-0.00533197435175814	 24.26428642057931
0.0023199032486254	10.699698032265816
-0.0029207962212198	44.59234355865533
-0.0004791931300438	59.49867271109224
-0.0005476492914786	71.69756067878097
-0.0006921678545077	97.45076861056803
-0.0008442926576963	124.55940853876518
-0.0008442926576963	124.55940853876518
-0.0009507800199284	143.5354564885031
-0.0035597203946116	158.4486312570832
-0.0036586015166841	176.0692472104115
-0.0038031200797132	201.82245514219855
-0.0064881228559912	230.2899498748773
-0.006647853899339	258.75402179948446
0.0007758364962615	285.8523933034662
0.0031641959063215	310.24674643077174
0.005560161556541	333.28566756166765
0.0509694153083191	341.35664899483527
0.0812650698633161	342.67100729438425
0.1166188741243317	342.62308798138
0.1519422534247096	347.9968966540148
0.2226346494664222	350.61192202082566
0.2226346494664222	350.61192202082566
0.1847555734724768	350.6632641419019
0.2579808474872784	351.91943470423143
0.2983851952141536	351.8646697750835
0.3337389994751696	351.8167504620792
0.3615169885373961	351.77909957329007
0.3943379148253227	353.0900350647671
0.4397851997778976	354.38385651588555
0.4726137323059838	354.339360010953
0.4978588433951214	355.6605639266454
0.5357227069087478	358.32008579838885
0.5736093891428529	356.913311680903
0.6165237961223387	359.565987936503
0.6493523286504248	359.52149143157044
0.6821884674186702	358.1215629302278
0.7175346654395267	359.42907561363336
0.7503479854872936	362.09544310152046
0.7781259745495204	362.0577922127311
0.8210708064896441	359.288740482692
0.8614751542165193	359.23397555354404
0.8942884742642863	361.9003430414312
0.929657491005621	359.14155973560696
0.9649960827863178	361.8045044154224
0.9927208281674283	371.2548775015023
