# Relative Pressure (p/p0)    Quantity Adsorbed
0.014081820703257364	 226.62946668225436
0.0085479675798945	55.31021064135166
0.0085479675798945	14.872494651526267
0.0104011649049277	205.9724021313796
0.0091270917439673	196.70247652404527
0.0091270917439673	186.2923093641932
0.0091270917439673	176.15974666193733
0.0091270917439673	165.8883817308831
0.0091270917439673	115.50317267719902
0.0091270917439673	106.06462111893325
0.0091270917439673	95.51565173028304
0.0091270917439673	85.24428679922903
0.0091270917439673	74.83411963937692
0.0091270917439673	65.11796362351492
0.0091270917439673	45.13044267659893
0.0091270917439673	34.58147328794871
0.0091270917439673	24.587712814490715
0.0091270917439673	5.294203011564832
0.0267235567292579	231.09693296638488
0.0386624241116828	231.9230305254191
0.0514031557212856	236.8866596139717
0.0780428672686367	238.19368551536832
0.0909766402662638	240.36202983367343
0.1149781195106166	243.2148741413339
0.1281784734726582	243.74209633514693
0.1486960152855249	244.36322291111944
0.1602784985669819	244.4986905518383
0.1957981139634502	250.3479748663208
0.2181909149742672	249.28541595348293
0.2303525224197972	249.36666811812935
0.254096613146784	251.51119665680065
0.2666443033683624	251.7754911818647
0.2627834756078767	248.48133498309332
0.290002311319301	253.7117405912461
0.3062177879133408	250.63183167656555
0.346370396622392	254.54580443456396
0.371658818453573	254.96752562070924
0.3954029091805601	259.6609678154898
0.4382580973219513	258.8723187882283
0.4660560571974482	263.0923157885891
0.507366914234645	261.96547132261003
0.5152816111436406	262.2302584572765
0.5462424799152278	264.3582466812138
0.5771706801442266	265.40576584395353
0.5847765108323829	265.72657405835093
0.6168956279321159	267.4683111736685
0.6531131621929797	269.6411720516144
0.676471170143918	272.03238432205603
0.6895979845295693	270.1835636438768
0.7249245585380134	271.7457139531198
0.7590928842183117	272.9396006913621
0.7850376467687755	276.5619637218317
0.7944194582267557	274.5480184102041
0.821380905420814	277.92814445789304
0.8303251563992725	276.1554982761488
0.8552274954544051	278.9837499967248
0.8668099787358622	278.3172492043884
0.8876584486424849	284.7440993314126
0.9003991802520878	280.8538286739092
0.9268072421338096	286.298377360275
0.9341042066011276	287.09161334079795
0.9562708734145448	297.35351935548783
0.9682146198650188	299.0011259275377
0.9693149557767572	293.1418899517562
0.9836275958317006	306.14629220448114
0.992055231286018	315.9611639367314
0.989584301519307	307.54449689534613
0.99962245369657	317.9846753479113
1.0081162747696384	333.19289793026815
