# Relative Pressure (p/p0)    Quantity Adsorbed
-0.002696026224425996	 238.69736280062443
-0.0026382425613391	178.50984508671684
-0.003984176598295	119.6679649919696
-0.0015186296677918	57.85677241999588
-0.001660817209466	219.9808259990052
-0.0015843019689771	208.68717650285
-0.0015218816412099	199.47393612440737
-0.0008316555459302	155.6399903513335
-0.001124922874764	140.88282219698533
-0.0093718850733186	139.22249900863312
-0.0024961565266827	99.49452048118644
-0.0007274846895179	82.22094605467487
-0.0006749403890318	74.46540730292907
-0.000411595642161	35.59572266484588
0.0007589356372561	16.79313028954698
-0.001739921311475	109.76539708605526
0.0021130291809292	257.1806713279973
0.0155960340799967	264.66128753106057
0.0070248131911392	238.15451881099693
0.0074266620293459	178.8416302917152
0.0085119703089115	59.2805263509955
0.0082477626082009	220.168777345379
0.0083695829252949	202.1880985422897
0.0086480293643671	161.08940413522828
0.0094865328456643	37.3262902957822
0.0096067710807181	19.57912680182392
0.0113407329967589	251.21112547222023
0.0327032991340718	267.26741721188694
0.0496312817429807	270.6743317214274
0.0785524075773347	274.5232875227655
0.0970611020979614	275.56886056287976
0.1136849609753556	274.94757694570006
0.1503067511954847	275.5909193067544
0.1658563575332847	278.98868910093967
0.1858516144039994	276.29481020760375
0.2043863835399046	280.21258776722533
0.221831369364188	277.2368812994856
0.2559967625057988	277.81812920058013
0.2655085410803399	278.5305181421026
0.2919408172025997	277.64478232062413
0.3100789563163793	282.0617252557913
0.3293666458289317	279.3266218247227
0.3503910395330614	280.288527705154
0.3630482935299639	278.36745821982765
0.3963797235146087	278.79612711547736
0.4113912712842666	280.35054532112923
0.4319355859601645	277.8765306290351
0.4652609165827706	278.4087908886579
0.4835194462175758	279.3962334344908
0.5019585291284341	277.8858280374757
0.534632422135318	278.0348983707378
0.5446257829376089	280.0493169006784
0.5710528813368281	279.9278129999923
0.5892183473222108	280.3113096865327
0.6058414591053083	278.1073639324217
0.6404290772973065	278.86161627147203
0.658583152292	280.9264231837559
0.6766271630561442	280.4842190836629
0.7097761629482457	282.0921012309628
0.7279384647695482	282.94262853576527
0.7461004789395707	283.83561316950056
0.7795271466103197	283.7506656372028
0.7972763743446545	287.52750228821594
0.815087204150609	288.9326909028115
0.846756565453942	297.72295672746014
0.8491338594577773	292.192745808308
0.8665478364740729	301.92001902417
0.8839537448719637	304.7121406919668
0.8946139718669217	303.6590436027393
0.916345450770877	323.30723687618166
0.925847435504217	325.4651967789914
0.9586250112127312	363.1427969823607
0.9873214932927332	428.5599004407971
0.9961583255340358	430.2205441548613
