# Relative Pressure (p/p0)    Quantity Adsorbed
0.005098299803749651	 278.068897073736
0.0113512496951982	278.4516585077921
0.0168921610698074	287.7331429357488
0.0259592835245184	289.402290499822
0.036598672548007	295.52509379886294
0.0467961495268637	296.9307687324793
0.0588512684806822	301.0600007166477
0.0679487797339269	301.48779557688664
0.0789498515998512	304.3033758765256
0.0857607915930236	304.96686273751413
0.1096124526569454	307.80217943694527
0.1188260412750744	308.5796075784356
0.1296851215178273	309.46133326932824
0.1411474329226147	308.578269958917
0.1474728563572795	307.860326814642
0.1632529361507222	311.62462256802684
0.1741137018247126	312.2264824019182
0.1844808812997246	312.7868760307342
0.2090055163298012	313.2101383774295
0.219533468920321	314.4079743579827
0.2303959200255489	314.72996833487264
0.2378027008201476	314.8558355735906
0.2639698634993079	315.87556360811175
0.2748323146045359	316.19755758500173
0.2847079712569935	316.3738613535045
0.3143323875306731	317.3268118362874
0.3207520418936211	317.3621139596637
0.3436584785465557	317.3542378098419
0.3531541981391219	317.541048415245
0.3646996614137079	317.9893471947318
0.3755624189609789	318.2604564703488
0.3847351048625802	318.0201183536123
0.3977981600574456	316.0811019475355
0.4140762081710847	319.15921267779214
0.4249403447075501	319.2013407976808
0.4354110862710605	318.9655405403861
0.4463159540624346	318.20798593150226
0.4578204596180746	318.412233931037
0.4733324464011543	319.8354000292611
0.4964466751175904	319.3857943923223
0.5071978162579942	319.44761841787584
0.5177755827050914	320.1835258513848
0.5286398724625787	320.2002116206368
0.5398779065970007	319.6577345089289
0.5490538156122351	319.8584061656542
0.5641940444194811	320.534685449736
0.5750583341769684	320.5513712189881
0.5842779239517766	320.3323072938827
0.5964048393952373	320.95013776737346
0.6111038093396273	321.30640227764627
0.639365401236696	320.77452231484466
0.6501208529951739	320.6412123650026
0.6639412359223675	321.80735457723813
0.6748041466906602	322.0530215022186
0.6845582735361533	321.9089860808647
0.6968412750378794	322.1027685374062
0.7076781765377558	322.2743394179953
0.7182537978905508	323.3664397604149
0.7291160957747571	323.7138760879414
0.7403525785463356	323.4290027764279
0.7495292319603666	323.5060670129775
0.763674024649224	325.47160466457
0.7745337177760632	326.25156095291675
0.7842837651118557	326.7849281172592
0.79665186684582	327.19807155616184
0.8073952710542569	328.5446131348074
0.8179625309170162	331.0251388976753
0.8288162484240129	332.797346860845
0.8406593753558822	334.28102891487254
0.8488038285442336	334.9185769891147
0.8613648368212323	340.20024350254613
0.8722084417408038	343.651646607724
0.8805876908226533	346.3020638393406
0.8978400203389654	351.6036567466309
0.9091537839633128	358.98666146920294
0.9194881588176004	364.9942623692908
0.9303158287509254	371.0916699406634
0.941142701934938	377.3213777353456
0.9474501525437696	379.5878223207305
0.9736986755853988	383.4979530763681
0.9815947983566776	384.3700396327919
-0.0038322326840427	250.6747257625928
-0.0036010038414818	212.2791764553544
-0.0036010038414818	212.2791764553544
-0.001273300159702	200.76398009582124
0.0034823063689671	161.0955160102851
-0.0053275125326033	123.96594461606765
-0.0053275125326033	123.96594461606765
-0.0028764868014576	91.97312195934067
-0.000425461070312	59.98029930261384
-0.0002713085086047	34.38326643112157
-0.0023677833478237	7.50291348341625
