# Relative Pressure (p/p0)    Quantity Adsorbed
-0.008002894292263307	 48.14617671668509
-0.0057476107273848	34.462740768611866
-0.0028945769353014	19.924625047717317
0.0016487838708211	3.51265410015003
0.0064764207456835	55.66340129664229
0.0123566094284189	56.84403844284634
0.0560711542378168	68.83950920596567
0.0669320731328289	69.41592668922056
0.0777929920278409	69.99234417247521
0.0856886551360548	70.94075778080855
0.114321956124155	72.46549234315319
0.1251857862185773	72.55850516431474
0.1345670880132649	72.8209785201019
0.1646840204924553	73.99306762323829
0.1755487699130073	73.93342634058092
0.1849313549337508	73.98282000978747
0.2259145115858262	74.85038520539024
0.2343096445802481	74.8632787543578
0.2621279680618312	75.04593736473134
0.2673929743428475	75.4738262201738
0.291756163787377	75.37130986514751
0.3009826229713204	74.01158055317285
0.3118361106467847	75.82195204229731
0.3187497495833675	75.83257025909415
0.3473968453275708	75.06668557048397
0.3582525804878933	76.503862198923
0.3691154912561862	76.74952912390347
0.3794861182041842	76.73746986339859
0.4096021543403982	78.05839671775834
0.420462153909281	78.78746830483203
0.4313230728042927	79.3638857880868
0.4402086662888527	79.93726949511404
0.468338092286374	83.1289916976234
0.4964734172932268	85.3411834006281
0.507337247387649	85.43419622178965
0.5162261898459666	85.45148283633353
0.5468408443972832	85.97827640843605
0.5577051341547703	85.9949621776882
0.5661002671491921	86.00785572665575
0.5982023694894725	85.54830757762545
0.6090663528049167	85.61587804815053
0.6159806046255858	85.52472686240128
0.6465975356035087	85.67351979647594
0.6574624382450824	85.58843616318211
0.6658570094290917	85.69461833115008
0.6959823562960517	85.46949834516602
0.7157357417328782	85.47802837832558
0.7463549929148425	85.2415514313335
0.7572185165672216	85.38544895376799
0.766602116677233	85.2662870500078
0.7967267102075035	85.1662586213198
0.8075922257331634	84.97940558547998
0.816479745424852	85.23294259879128
0.8471002150787501	84.7941383872137
0.8579630236996949	85.05676687928519
0.8658639882552566	85.1248751555961
0.9659954864129934	85.78196969977262
0.9976121768191546	85.83052775671035
0.9276037909197976	85.72300634491955
0.8711454151945099	85.63629552895918
0.8237203795852681	85.56345844355258
0.7807888911497931	89.33711315414644
0.7288626007386991	86.69763591631374
0.6814298575013722	87.90465047448163
0.584321451253877	87.75550787102986
0.584321451253877	87.75550787102986
0.4849778328616265	83.76334190421585
0.3946752622135074	78.50519802438077
0.3946752622135074	78.50519802438077
0.2027322000036997	75.65067796296648
0.0379354039105421	65.15866923176532
