# Relative Pressure (p/p0)    Quantity Adsorbed
-0.006742703839385911	 252.4810723897042
-0.0071697612032846	238.56503593374327
-0.0123155550380593	224.56658964371056
-0.0084594406534559	216.11637033661785
-0.0070393444506069	204.1992972739424
-0.0066145319866057	191.51864522351025
-0.012448095371792	182.81372071707003
-0.0060372227406555	174.28596423189765
-0.0068246566222658	161.2235072871124
-0.0065241344096771	146.62717180890309
-0.0123312563030848	133.61687662759687
-0.0044605991629196	127.22375043647936
-0.0040233668579146	114.1723661320748
-0.003565959931304	100.5187693727546
-0.0109748113843277	93.12699580269282
-0.004100580986978	83.2341548747554
-0.0028112580738333	68.84907934953867
-0.0032929825101131	54.27939510973488
-0.0015250762158018	39.5983904650102
-0.0095005167407236	33.88290139492415
-0.0024936798357273	22.802010631223084
0.0007708926668843	6.224640769564758
-0.0040422637214001	267.1004304690057
0.0122863871581062	274.87317884182903
0.0451350682722899	278.25983290265003
0.0789447091480854	282.1788894769816
0.112802542975112	283.6547887012748
0.1459889303327868	285.5837087977675
0.1800874966972752	286.40362719148425
0.214696833126148	287.04602550020104
0.2476775716895947	287.662795415609
0.2808454436029874	288.55378841058064
0.3142524814611018	288.75184688861054
0.3484269344966859	289.4831766210086
0.382612167864425	289.8927134385667
0.4168214464261517	289.5845012156019
0.4494797812638706	289.86276126570306
0.4818497575294029	291.13032504748435
0.5160490979724235	291.11876566788806
0.5514433773363658	291.1852163090648
0.584172313808544	291.7000790007505
0.6168385501397176	291.74247947122444
0.6515641514849924	291.2584314555395
0.685232779326097	291.85224394695456
0.719403881555313	292.68359524942366
0.7525893391968421	292.463638901982
0.7859856673980554	293.56739599605044
0.8205917969372554	294.8915353190712
0.8530829995941736	296.4751658614987
0.8871737456696318	297.5285198827539
0.9177630159035284	298.62276117220995
0.9420120255457148	306.13698956994494
