# Relative Pressure (p/p0)    Quantity Adsorbed
0.9965562317714598	 261.1702029264323
0.9288293037853704	257.2265950165561
0.9604459941915316	257.27515307349387
0.8768721828619348	259.7065243530218
0.8768721828619348	259.7065243530218
0.7775054415854283	259.5539133169316
0.7775054415854283	259.5539133169316
0.8249304771946702	259.62675040233825
0.6758726576518248	260.6776854917776
0.6758726576518248	260.6776854917776
0.7210470658601407	259.46720250097127
0.581014878805256	261.8118629645389
0.581014878805256	261.8118629645389
0.6307059570715947	260.6083168390093
0.5313392157950882	260.4557058029191
0.4816558451568349	260.379400284874
0.4297526776299969	253.9003681163174
0.3755526369337207	253.81712573299544
0.3258538510392966	256.3005235020996
0.2852115281451748	254.9582400710336
0.2490781676809905	254.90274514881892
0.1971518772698964	252.2632679109862
0.0978005512495605	249.55095358774676
0.0978005512495605	249.55095358774676
0.1429518365736202	252.18002552766427
0.0052550608286007	241.72963798812413
-0.0059287075232616	223.79437281488745
-0.0011731009945923	184.1259087293513
0.0013395857612361	141.89427292402752
-0.0028610715452869	89.41341867219148
-0.0024988130252748	29.260391424184604
-0.000171109343495	17.745195064651625
-0.0023446604635676	3.663358552692444
