# Relative Pressure (p/p0)    Quantity Adsorbed
0.9331972075825721	 415.6986102296662
0.9558787009188487	422.2657579353036
0.9558787009188487	422.2657579353036
0.9162182794808827	422.1369903332322
0.8963880687618995	422.07260653219646
0.8737157731114851	418.7522419359289
0.8312224644279502	418.6142766479952
0.8312224644279502	418.6142766479952
0.8482197879013642	418.6694627631687
0.817058028200105	418.5682882186841
0.7943949302355529	418.4947067317862
0.7688989450254318	418.411927559026
0.7519016215520178	418.35674144385257
0.7377371853241728	418.31075301454143
0.7179069746051896	418.2463692135059
0.6980859615720685	421.4287685218399
0.6754228636075164	421.355187034942
0.6584255401341024	421.3000009197685
0.6357624421695502	421.2264194328706
0.618765118696136	421.1712333176972
0.6017677952227218	421.11604720252376
0.5791046972581697	421.0424657156259
0.5536179097339109	424.20646965223546
0.5337876990149277	424.1420858511999
0.5139482906100823	420.8309189407944
0.4969509671366685	420.7757328256212
0.4771207564176853	420.7113490245854
0.4516247712075643	420.6285698518252
0.4289616732430121	420.55498836492734
0.4176301242607358	420.5181976214785
0.3977999135417527	420.4538138204428
0.3694802387719249	423.6086200711902
0.3354671964533726	417.0046816221038
0.3354671964533726	417.0046816221038
0.3128040984888205	416.931100135206
0.2901410005242684	416.8575186483081
0.3553066048582174	420.3158485325093
0.2703107898052852	416.7931348472723
0.253313466331871	416.73794873209886
0.2363161428584568	416.6827626169256
0.1938136364890594	413.2980142196225
0.1938136364890594	413.2980142196225
0.1682992559072136	406.72166882812303
0.2108293553341977	419.8467665535352
0.1484966382458175	416.39763435519626
0.1258059472236785	406.5837035401896
0.1088086237502645	406.52851742501616
0.0832942431684189	399.9521720335165
0.0492812008498662	393.3482335844303
0.0407641437414347	386.8270743081041
0.0294141993874341	380.296717345916
0.0180366619758469	364.0260110556185
0.006594740763224	325.0278229997334
0.0007450125548411	260.07376544061526
0.0033387599679919	175.6666022828656
0.0031456085648851	107.48415698610232
0.0029984455910891	55.53562723618734
