# Relative Pressure (p/p0)    Quantity Adsorbed
-0.004427134610357264	 126.80320880892282
-0.003883377341814	20.112023458230738
0.0022528112146827	185.66336819737364
0.0020682154730893	156.44141316690315
0.0019307424716091	141.19670116657068
0.0024005114269259	218.40860509724808
0.0024176883025591	203.8418913918728
0.0025584017462401	125.80878770501602
0.0027725620027948	95.7142407404706
0.0028290940417911	80.86033202876229
0.0032296782423628	33.86748136800054
0.0033178423478147	19.227831657715114
0.0022181787239193	236.9704569250096
0.0024579313174661	197.15953876656656
0.0030920748206083	91.86001006980598
0.0028504963432208	213.97557078545503
0.003807540380964	137.05986286363895
0.0034038795995618	122.08628107000948
0.0075823883201816	263.16880883755226
0.0049214097824334	252.77384874967063
0.0142326761580459	272.7050617316217
0.0191000759910465	270.98174299124366
0.0244140079331312	274.2190530990312
0.0350638052241361	277.05163110950565
0.0455148485836662	277.3533358049636
0.0469191860072075	276.50056117138024
0.0576636228766884	278.19627353951665
0.0686332861356407	278.9382348450324
0.0844276154840921	280.336391989224
0.0944430899668783	280.7249320446661
0.1061494532741161	281.48922695573367
0.1167296274801243	281.8253260220976
0.1278738958215074	282.20954196142304
0.1395823896305695	282.6200670445928
0.1495983383688985	282.9298569671124
0.1615712779807919	283.35850713950595
0.1703355438250127	283.5779818884755
0.1851469943690233	284.1802554191251
0.1951635778801562	284.38464131757934
0.2068741948948034	284.4426081133577
0.2181065406987986	284.84467826902943
0.2285989438842377	285.11203841777416
0.2408729545953037	285.3344299751379
0.2498324662784263	285.3481903173133
0.2641531158411401	285.4465122468733
0.2733703562269506	285.6175643648607
0.2858787841567042	285.9632884474708
0.2964594399144944	286.2194258404059
0.3076056782404409	286.2765258429764
0.3188394987967691	286.43371337377187
0.3293325723241778	286.589763238482
0.3451351756077954	286.61403344830325
0.3557098119683088	287.86969175910025
0.3669840075204027	288.5465489053207
0.378006622586241	287.26423670338073
0.3885892702173124	287.1896235380414
0.3999926182816611	288.80840472566905
0.4092493448712893	288.9308246477489
0.421949078801108	287.4472263806045
0.4305644180684738	287.3399592162773
0.4448857379731572	287.32697086180264
0.4541033614115217	287.4344171031988
0.4666115595097428	287.81830471176363
0.4777494801230881	289.25656089174345
0.4883310424212173	289.3621672613663
0.4999416134223717	288.4610343379037
0.510065500898238	288.4193371521383
0.5248043917061278	290.1366275929692
0.5322885501867487	288.34745734038074
0.5456209752338239	288.53755100082736
0.5556395177851616	288.4166382732864
0.567350397464417	288.4309896108309
0.5790575013399262	289.0723131604888
0.5879670520256486	288.59622699104864
0.6003103076941187	289.0349868779735
0.6108080161574305	288.4214056359299
0.621878149237137	289.4012882701755
0.6328139694989336	289.2548273053277
0.6453762108403442	288.474496719914
0.6566494985781528	288.9116133113821
0.6654852824622743	289.0587572042118
0.6789523185610336	289.2607187904126
0.6898195003653034	288.7971801914011
0.7011044890817943	289.24376485701185
0.7114353023985578	289.33470711495363
0.7235216515288849	289.1542522059233
0.7332751271850362	289.11834677477435
0.7437557026757624	289.7727445815992
0.7541724826578369	290.50737960712974
0.7658656981421736	289.55003934207804
0.776728762131488	289.77026391642204
0.7861107725734005	289.9150664005154
0.7994408482314777	290.4952761040548
0.8103042378154628	290.66143568329625
0.8251190251728331	290.70963135564017
0.8343383340424351	290.537211740035
0.8468404032997923	291.9387933740593
0.8568646040845704	290.87833098372806
0.8685642329630971	292.7608777822946
0.8802553799636423	292.1470092508355
0.8851981478437578	295.3197793810179
0.8932535460558606	293.1731660016486
0.9060833113009829	294.82846523090257
0.9170311861901724	297.3661307900292
0.9280126634083334	296.667028324835
0.9362007417484935	295.9178666944703
