# Relative Pressure (p/p0)    Quantity Adsorbed
0.9763314156754659	 244.5009156662166
0.9198807475782635	243.1343532066816
0.9198807475782635	243.1343532066816
0.8137081707023808	248.09074344697467
0.8137081707023808	248.09074344697467
0.7617664650351159	248.0109694962912
0.7143337217977888	249.21798405445907
0.6669086861885472	249.1451469690524
0.6669086861885472	249.1451469690524
0.5629944443416761	254.10500564198384
0.5629944443416761	254.10500564198384
0.4342616400599346	255.18715662516885
0.3507109516145941	253.7789729739729
0.3507109516145941	253.7789729739729
0.2603621351979628	256.19993895558565
0.0797338710174685	249.52320612663945
0.0684421958724109	249.50586396344735
0.0458896760946374	244.3517730627648
0.0098102690270507	235.33731663552797
0.0098102690270507	235.33731663552797
-0.0014274527214093	226.3610129673135
-0.0033697749989209	173.88362714811598
-0.0027685800082626	74.05519894929614
-0.0046261183768352	7.499445050777922
