# Relative Pressure (p/p0)    Quantity Adsorbed
0.9400347688616935	 299.8339634844035
0.9189951854247164	302.86552907815485
0.8910805985329644	302.7826144636249
0.8736339817256191	302.7307928295438
0.845719394833867	302.64787821501386
0.8353205202615686	300.55428419813256
0.8213632268156921	300.5128268908677
0.807405933369816	300.4713695836026
0.7969725110414629	299.4090260849375
0.7829806698395327	300.39881929588887
0.7620792774267731	299.30538281677514
0.7376885616525437	298.2015820108452
0.720276492601253	297.11850985854744
0.706319199155377	297.0770525512826
0.6818593878690393	298.0357527817853
0.646966154254349	297.9321095136229
0.6225408907240659	297.85955922590915
0.6120729206396587	297.8284662454603
0.5911369804708448	297.766280284563
0.5771796870249684	297.7248229772979
0.5632569413351467	296.6521151518166
0.5423210011663324	296.58992919091907
0.5213850609975186	296.52774323002154
0.5109170909131113	296.4966502495729
0.493470474105766	296.4448286154916
0.4655904349700681	295.3306634827452
0.444689042557308	294.23722700363146
0.4307317491114319	294.1957696963666
0.4132851323040867	294.1439480622853
0.3853705454123346	294.06103344775534
0.3714477997225127	292.98832562227403
0.3470225361922294	292.9157753345603
0.3365545661078224	292.8846823541114
0.3051506558546011	292.79140341276525
0.270257422239911	292.68776014460286
0.2284200896583368	291.53213770459183
0.2388880597427438	291.5632306850405
0.2039948261280535	291.4595874168781
0.1865482093207082	291.4077657827968
0.1691015925133632	291.3559441487155
0.1586681701850105	290.2936006500504
0.1482002001006033	290.26250766960175
0.1447108767391343	290.2521433427856
0.1134106097540754	287.06511284679004
0.0715732771725015	285.909490406779
0.0506718847597413	284.81605392766505
0.0298395878590895	281.66011641211867
0.0057598018893478	271.2750609422417
-0.0011152015654276	268.16058073395993
-0.0045008816587344	265.0564648524946
-0.0035680922452723	237.2127008606535
-0.0204964927118052	221.69212145332745
