# Relative Pressure (p/p0)    Quantity Adsorbed
0.9717222540804185	 259.85219852383517
0.9175376286403129	257.20925285336403
0.8475215351128706	258.3815830851478
0.8000887918755435	259.5885976433157
0.712029141000265	256.8936254832684
0.712029141000265	256.8936254832684
0.7481625014644493	256.94912040548303
0.614936150008941	254.18477959266733
0.5652450717426023	255.3883257181968
0.5178200361333607	255.31548863279016
0.5178200361333607	255.31548863279016
0.4184455872287687	256.4427292402746
0.3642455465324923	256.3594868569527
0.3032859160053522	253.70613588856628
0.3032859160053522	253.70613588856628
0.0774678283603717	250.7995893375757
0.0594011481282795	250.7718418764684
0.043592802925199	250.74756284799943
0.0277921653502037	249.44343217595596
0.0052935989690275	235.3303797702511
-0.0059287075232616	223.79437281488745
-0.0059287075232616	223.79437281488745
-0.0080714281309927	204.5931297286299
-0.0078710298007732	171.31698699568994
-0.0031847919248721	143.1671877023253
-0.0007106433094705	107.33481011487449
-0.0027531647520918	71.49549566214682
-0.0023831986039944	10.062616770565455
