# Relative Pressure (p/p0)    Quantity Adsorbed
-0.004206870511890504	 227.68987248531994
-0.0056208136952966	212.64415188188852
-0.0052819748481316	197.45101252861943
-0.0045966353508919	182.0724283014072
-0.0042624754673359	167.01895601187084
-0.0035751240157444	151.5803149472531
-0.0032429760865404	136.586899495122
-0.002557309061848	121.19853857344832
-0.0022230029606793	106.14070168817034
-0.001531914186905	90.59050155639602
-0.0012001873644258	75.60965614000088
-0.0005111514859348	60.12073493243952
-0.0001821092188265	45.220023493860936
0.0003142176947175	30.4046651245701
0.0009905150947826	15.295987498021532
0.008121789036964	245.29879986642757
0.0404493254011202	249.3568346339075
0.0740407791456447	252.2542939082364
0.1065265980429328	253.87305495615533
0.1378297769859857	256.511720221562
0.1704063826649025	255.42049583786093
0.214794400315007	256.0049077505698
0.2668229783802935	257.06458071291354
0.2959147153579406	257.1509918128472
0.3464391614540476	257.3998061666273
0.381144358264383	257.52483351887577
0.4092153144936292	257.6087513662078
0.4505452425295591	258.0587424849007
0.4865817337962348	259.07502843856173
0.5169071450349221	257.8878612042106
0.5515860035337414	258.7990871552172
0.591392441269663	259.0160658406005
0.6262438846172864	258.5847338788508
0.6541944644813364	258.4527864032282
0.6924585146162501	259.0008370901337
0.7271633745412058	259.1359204709711
0.7518105827023847	260.8584827952613
0.7903799160715799	261.4356685165724
0.8393832634257403	261.3800824288958
0.8914583622993908	261.0511092615727
0.9207735199109056	260.99829985319934
0.9588445035503252	260.7795000179537
