# Relative Pressure (p/p0)    Quantity Adsorbed
0.9181976940123981	 152.7650404926521
0.8034906402230417	152.8446981688947
0.6976174184785386	152.22377679510618
0.6181742052104291	154.36227902654235
0.5240964470633893	151.64983302525556
0.4181823752285054	153.80671779736315
0.3093679469765829	153.18783892809364
0.20351515027727	151.17801448135708
0.1005933475627816	149.86059906657545
0.0623576629663293	149.887151625323
0.0270938224450821	147.82830707012943
0.0153902715509759	143.66976786936144
0.003666295611679	140.9001317415415
0.0008680644205927	131.17985273542422
0.00396245876694	120.76103718379476
-0.0017667664089705	110.34834914572252
-0.004564997600057	100.6280701396052
-0.0044015972385337	89.51684555602083
-0.0013276279373767	80.48693307733947
-0.0011540150532581	68.68125695728105
-0.0010110397369252	58.95893544664466
-0.0009089145109733	52.01442008190446
-0.0007353016268547	40.20874396184604
-0.0005821137879267	29.791970914735657
-0.0004391384715938	20.06964940409938
0.0026552558747537	9.650833852469871
