# Relative Pressure (p/p0)    Quantity Adsorbed
0.00005518611517341121	 16.565032237889
0.0002207444606936	75.00712820654326
0.0003771051203516	130.202441065828
-0.0023454098948703	169.15464069240193
-0.0022994214655591	185.3885562392504
0.0006898264396677	240.59306678439705
0.0065855430773618	321.7810398903637
0.0208235607921047	347.8012931946323
0.0265905098277272	383.5343027694232
0.0323114704340388	403.0333967973656
0.106030922619869	426.0000183953719
0.174084600314561	448.9482446216533
0.2137450217525269	449.07701222372464
0.2335936278432346	455.6349622434996
0.2675882747900631	455.7453344738464
0.2959447403033397	465.57766066057786
0.3214959116286342	485.14113848955606
0.3526484736440309	481.995529924671
0.3781628542258766	488.5718753161706
0.4121666988585672	491.9290306558871
0.4461613458053952	492.0394028862339
0.4886914452323794	505.1645006116462
0.5226493014357589	492.2877404045144
0.5679938927365877	498.9284695970493
0.6189858631568299	499.0940279425696
0.7152856341344518	492.9131830431464
0.6671265509597786	492.7568223834884
0.6671265509597786	492.7568223834884
0.7748038593489881	502.8466837743625
0.8428023509285063	506.3142113444258
0.8824627723664726	506.4429789464972
0.9277981659814392	509.83692502966255
0.95329415119156	509.91970420242274
