# Relative Pressure (p/p0)    Quantity Adsorbed
0.005098299803749651	 278.068897073736
0.0113512496951982	278.4516585077921
0.0168919363456424	287.7704583833489
0.0260982112136738	289.76233472855426
0.036598672548007	295.52509379886294
0.0467961495268637	296.9307687324793
0.0588512684806822	301.0600007166477
0.0679487797339269	301.48779557688664
0.0789498515998512	304.3033758765256
0.0857607915930236	304.96686273751413
0.1096124526569454	307.80217943694527
0.1188260412750744	308.5796075784356
0.1296849682968057	309.4867756199648
0.1411474329226147	308.578269958917
0.1474728563572795	307.860326814642
0.1632529361507222	311.62462256802684
0.1741140082667559	312.1755977006452
0.1849750803827895	312.7265728332636
0.206281886202737	312.5085053920165
0.2165714001307722	314.2507695898223
0.2274330851308922	314.6999753198947
0.2368163021883497	314.64441929272573
0.2503246121998018	312.9626328001898
0.2639698634993079	315.87556360811175
0.2748321613835144	316.22299993563826
0.2847079712569935	316.3738613535045
0.3085240509947884	316.0061845290248
0.3177890537779428	317.3575632953222
0.3436583488979989	317.37576595268814
0.3531543277876787	317.5195202723987
0.3646996614137079	317.9893471947318
0.3755622657399573	318.28589882098527
0.3847353456384712	317.98013751689786
0.3977981600574456	316.0811019475355
0.4140763613921061	319.1337703271556
0.4249403447075501	319.2013407976808
0.4354110862710605	318.9655405403861
0.4466453281851983	323.152834334204
0.4633661754749441	324.45541459920065
0.4840838122657229	338.6030982176041
0.4904825519592228	342.111281202861
0.5141576360104867	346.933392672316
0.5462555400947755	347.17096493072546
0.5571202895153275	347.1113236480681
0.565515141604543	347.1708615065359
0.5956342319464545	347.9846375048751
0.6064983684829202	348.02676562476364
0.6158813748614729	348.00619282971985
0.645016907544695	348.136808962476
0.6558795118709448	348.4333605887294
0.6657549472041489	348.64641441926256
0.6973573617438797	349.1585710060588
0.708220119291151	349.42968028167587
0.7477185067860506	350.8388003899628
0.7585788127969761	351.5169872757636
0.769440191355053	352.0170777071089
0.7793133113483752	352.6145937250379
0.810891993654316	357.06748773264115
0.8217412677516867	359.57752386426904
0.8325902354070138	362.1384446971698
0.8414672266256469	364.1402346613598
0.8680756111252184	373.8965339620517
0.8976609049647164	381.34576464068425
0.908521210975642	382.02395152648506
0.9169140711915766	382.41423994322713
0.9438747348973932	379.2309406833276
0.950189568205782	378.4492334617565
0.9736986755853988	383.4979530763681
0.982089135338662	384.2868383197484
-0.0038553555682988	254.5142806933166
-0.0079789365939683	189.23491000573452
-0.0079789365939683	189.23491000573452
-0.0009187492677753	141.89080449138908
-0.0007723043341534	117.5736232634714
-0.0007106433094705	107.33481011487449
-0.0006721051690437	100.93555189700146
-0.0027917028925187	77.89475388001995
-0.0003483847894584	47.18178286686771
-0.0002558932524341	31.82356314397225
-9.40330626414e-05	4.946678628905488
-9.40330626414e-05	4.946678628905488
