# Relative Pressure (p/p0)    Quantity Adsorbed
0.891400034722577	 175.00587220049223
0.8002328455151708	174.37473830410852
0.6943391987254774	175.142720003268
0.6002308030106518	174.5136286114033
0.5002195692357971	175.27752530152475
0.394346347491294	174.6566039277362
0.3031893708064832	173.33101849487844
0.2032087745994137	172.01156057557782
0.103248603437535	169.3031995833291
0.0503375238717715	167.25661005524975
0.0268487219027973	164.495143945506
0.0151349584860956	161.03105628121205
0.0093138206068281	156.86843207140598
0.0005719012653316	151.31894729317094
0.0007250891042598	140.90217424606055
-0.0020322919964459	128.40408909404715
0.0011540150532585	111.73520971415152
0.0016135785700427	80.48489057282043
0.0049837110264606	51.315883536392334
0.0026450433521585	10.34528538894392
