# Relative Pressure (p/p0)    Quantity Adsorbed
0.9636435748281335	 1485.8804865150712
0.9327956989247314	1486.021505376344
0.8787972266290619	1481.6969269639812
0.8299400669839593	1477.348845408073
0.7810682178741407	1468.429402432575
0.7296550913684706	1468.6644338680296
0.6808126211880839	1468.8877137317113
0.6293701157529822	1459.9800223279865
0.5779716787120278	1464.7864151830304
0.5342264527880604	1451.2721076443972
0.480213291027675	1442.3761678124447
0.4262295081967213	1442.622950819672
0.3824989717374699	1433.6800047006286
0.325900464187085	1420.2244550208588
0.2795845819378342	1406.7218990539982
0.2281420765027322	1397.8142076502731
0.1792555379281978	1384.3234032551852
0.1302074152417885	1320.5476232446088
0.0780598155003232	1092.2145837005696
0.0232828015747105	845.6078500499441
