# Relative Pressure (p/p0)    Quantity Adsorbed
0.3016599575058839	 444.1630301190732
0.2505102777045215	443.94160293378593
0.2010787733431524	438.5328085426112
0.1642954883589011	437.07487224397806
0.1844120237449557	438.4606581114501
0.14532987674716	436.9927700292086
0.1401574372166851	436.9703785160897
0.1246341475550955	431.7083729331391
0.1033681811622687	430.3176111738627
0.0843995840154451	427.6380934372964
0.064280063094308	423.6548920480274
0.0286327742089576	410.5135617931125
0.0102209793550249	392.25203887166685
