# Relative Pressure (p/p0)    Quantity Adsorbed
0.9225080603743436	 55.91163864160897
0.8206784663572495	55.91163864160897
0.7255410833396736	56.07649192218925
0.620447116969743	56.90075832509066
0.5236403963453296	57.06561160567095
0.425238640974917	58.05473128915265
0.3000977627507671	58.71414441147378
0.2049455191610235	58.71414441147378
0.101491169253595	59.20870425321463
0.0562853087194704	57.72502472799208
0.0445553637551039	57.230464886251234
0.03446503525324	56.40619848334981
0.0327065342133962	55.41707879986812
0.0175041688858454	53.43883943290471
0.0105147464429735	49.97692054071876
0.0015290538055744	42.88822947576656
0.0052293362753303	28.38114078470161
-0.0011012674681072	13.709198813056377
