# Relative Pressure (p/p0)    Quantity Adsorbed
-0.004201669721318635	 109.78439013644311
-0.0044861237592097	64.56440865970126
-0.0043489563520257	36.71549264266764
-0.0033685381540988	85.6352000868767
0.0010018222583562	129.29647390997502
0.0054832267064542	165.19241787478995
0.004127839228843	146.46916001520367
0.0047648345662296	106.9069287138218
0.0049004860086004	62.14341445403738
0.0041475224796523	36.44116541941776
0.005610719537899	203.2999011782597
0.0055814586133242	188.7835564967154
0.0049175448259686	85.69131997610953
0.0026122289165255	73.40106423413204
0.0073314127324037	242.34437878047493
0.0084801283808568	269.1612678503561
0.0120502345574624	305.5129261008856
0.0105722373537316	288.8172590541351
0.0136075643117252	323.8529059021562
0.0222213412214689	367.53835444676974
0.0192873360159505	350.8577966009668
0.0186561145244793	339.4093391974809
0.0309246795329058	403.43781589751984
0.0370484155738207	412.81415431394953
0.0454042194940155	434.887977412174
0.0553656681693374	448.98743148798894
0.0649760072968348	464.8934115219638
0.075951342699258	479.1478633870884
0.0879306370150877	501.2029798555686
0.0875656823957715	493.626794809144
0.0988185833088028	509.8162604550148
0.1064294142703157	523.7210854102191
0.1168332001054167	537.2740386599341
0.1209207834706844	538.0737470815011
0.1293688735027746	570.0139811819828
0.1286364548920684	549.306704110333
0.136450313032411	562.6236477167838
0.1388845132462468	571.2646529991704
0.1481619501022564	576.4597513167186
0.1551939611370818	589.1989661725584
0.1578432300280131	602.4177509909326
0.1614818547936103	597.3363501113106
0.1669772632806493	608.3037798928012
0.1757397229470938	633.5000067329102
0.1862216648625635	651.884882445567
0.2047670767163325	744.6791192919588
0.2113396987768095	752.6481435630129
0.2125516488885256	729.4635372359629
0.2091533307882055	714.5146788293428
0.2172622192621367	913.280102513982
0.2351484262943525	939.2595297822668
0.2414495128950353	950.614354001578
0.2735170673108309	966.8092935874466
0.2843515735241551	964.4396537725696
0.2935825680849254	965.1869186078084
0.3028133448704703	965.8261451536148
0.3487523075169026	978.1995903784548
0.3989424251357466	987.223668567085
0.4060821081235569	983.161733890494
0.448022798488313	994.1520697492226
0.4556651384343516	990.0165683879028
0.4993131445397679	1000.5510198620842
0.5474804225530908	1007.0436100186942
0.5978561994455373	1012.2755871205952
0.6480383758907792	1017.3600490850848
0.6980266513071535	1022.1478773493436
0.7032995776508905	1030.492103165554
0.7474908512825621	1027.6973326817615
0.7537254676474089	1027.1826331262268
0.796758842537629	1031.8053085736008
0.8033031161920555	1031.3675734375852
0.8478527607350145	1036.6540670033123
0.8536512428036035	1039.5835252212632
0.8962419966513632	1034.7347667915517
