# Relative Pressure (p/p0)    Quantity Adsorbed
0.9847518663316492	 3.8279981495423954
0.9732137187848666	3.842692960097224
0.9482053282294568	3.4500149669365783
0.9212648422122048	2.6352693595057417
0.8981885471186386	2.6646589806154
0.8789583012073328	2.6891503315401906
0.853958981522636	2.720989087742396
0.8231815171938353	2.335658499859278
0.8000961512295559	1.940531371606312
0.7827980007800948	2.387090336801407
0.7501156536015898	2.853242382736198
0.7193381892727881	2.46791179485308
0.680868626579465	2.092377747339924
0.6328111535426286	3.0026396233773767
0.5347006159121213	1.4294785156426997
0.4827880228223109	1.9201219125023956
0.4827880228223109	1.9201219125023956
0.4558656785464836	1.9544098037970343
0.4193282113150043	2.0009433705541824
0.4193282113150043	2.0009433705541824
0.3693386428163241	2.489137632321331
0.3481763014431758	2.091561368975817
0.332792104714132	2.1111544497156274
0.282757181861887	0.4767649646689733
0.2558439084567729	0.93556960532635
0.2558439084567729	0.93556960532635
0.1827780448645262	1.4531534882032702
0.1558466297179865	1.0629246301351714
0.1058207777364543	-0.1469481055486312
0.0365828215850441	-0.4832959915821675
0.0365828215850441	-0.4832959915821675
