# Relative Pressure (p/p0)    Quantity Adsorbed
-0.0031250000000000444	 10.803271812080538
-0.003125	24.897231543624173
-0.0093749999999999	34.96015100671144
-0.003125	47.04488255033556
-0.003125	57.78313758389265
0.0	71.87919463087252
-0.003125	83.28649328859058
0.0	96.04026845637584
0.0	106.1073825503356
0.003125	117.5188758389262
-0.003125	128.92407718120808
0.0	141.006711409396
0.0	151.07382550335572
0.003125	169.8678691275168
0.0312500000000001	175.9270134228188
0.0812500000000001	180.6585570469799
0.0812500000000001	180.6585570469799
0.10625	182.0176174496644
0.1625000000000002	182.7265100671141
0.246875	184.79656040268452
0.2999999999999999	184.83221476510067
0.3468749999999999	184.86367449664428
0.4125	184.23657718120805
0.459375	184.939177852349
0.5124999999999998	184.9748322147651
0.55625	185.0041946308725
0.615625	185.04404362416108
0.6593749999999999	185.07340604026845
0.7656249999999997	184.47357382550337
0.7656249999999997	184.47357382550337
0.8187499999999998	182.4958053691275
0.8718749999999996	183.87374161073828
0.9156249999999996	183.23196308724835
0.94375	182.5796979865772
