# Relative Pressure (p/p0)    Quantity Adsorbed
-0.003748235332624139	 24.943474899943794
-0.0024105164552821	122.68272892021469
-0.0013354547091073	74.21580647642895
-4.39844296121e-05	170.9334881141731
0.0011078674412894	211.1774994738917
0.0026785745379732	311.38047488657776
0.0026960268390474	254.17052944539864
0.0043539954411021	425.6821145381782
0.0040398540217656	365.8351666510744
0.0056186160266376	484.8732229069965
0.0070940067097617	531.469665575135
0.0086472615053712	619.5550073674758
0.0117081266168574	684.0001088813997
0.0130190629244741	734.2043056375078
0.0069718406022419	131.66225437912635
0.00843783389248	651.6602165185313
0.00843783389248	586.1017341857696
0.00843783389248	167.42142656063334
0.0174536926274445	785.205824961382
0.0128358137631944	426.6754248765537
0.0227312684723014	830.0835860491716
0.0172337936339087	618.88097535215
0.0283334571171403	868.237345653547
0.021631773504623	736.290257348096
0.0342393158006708	904.656359702688
0.0304277332460517	827.476146410937
0.0432958965714752	939.720214647332
0.0504629748793059	974.883400625813
0.0593618113428565	1011.9181923997584
0.0678594285901313	1049.8783311731397
0.0740410336306356	1091.7215291771918
0.0773395185336713	1136.576263525321
0.0826333831928646	1175.3187112012065
0.0884810675394811	1217.251123189356
0.0976909547981532	1252.905121335034
0.1125233574993863	1268.776839469071
0.1286492836920055	1281.6447233980234
0.1447752098846249	1291.329499197181
0.1606079374191962	1300.614693337493
0.1761011717707654	1307.3234590833872
0.1934116931607596	1313.7307720555382
0.2102938330868051	1322.1446949217743
0.2242320462155305	1326.7635879952186
0.2405534381801815	1329.1971983242374
0.2576566932329593	1336.6379957680665
0.2743690167416739	1336.9450189635645
0.289908545618198	1343.681469076545
0.3023694885852219	1344.990832704404
0.3280243711643889	1348.9640740579043
0.34572905936188	1350.79787775952
0.3551452470337941	1352.6889878268112
0.3938963363390881	1355.0232671219928
0.404465449869662	1356.8396060264504
0.4442959639963995	1360.6044295857382
0.4533667974797477	1366.0986773948762
0.4775556867686765	1366.8436601486574
0.4936816129612957	1369.417236934447
0.5039435659929627	1368.8302808254075
0.5465701401245018	1370.8551057459415
0.5559863277964157	1373.54850493269
0.5816412103755828	1375.7834531940334
0.597767136568202	1374.3999137941537
0.6065630963096307	1377.2734187015967
0.6490769017265359	1381.6078638145063
0.6586058581130838	1381.7433152242847
0.6995070709107272	1381.94197729196
0.715046599787251	1384.8586976491888
0.7311725259798703	1385.4005032883024
0.7465654555273706	1387.703177254536
0.8000742106210617	1389.870399810991
0.8096031670076094	1389.9381255158803
0.8446404066443005	1387.703177254536
0.8535829657147529	1391.428091023443
0.8954765432011729	1391.9438483145225
0.9114897006791584	1393.6630392847874
0.9276156268717776	1393.6630392847874
0.9437415530643968	1396.1011646607983
0.9532705094509446	1395.897987546131
0.9890148752629272	1392.7865889862203
0.998960633663366	1395.4013323769432
