# Relative Pressure (p/p0)    Quantity Adsorbed
0.9876543209876543	 699.5260663507108
0.8994708994708993	684.3601895734596
0.8553791887125219	680.5687203791468
0.8095238095238093	678.6729857819905
0.7601410934744268	672.9857819905212
0.7089947089947088	669.1943127962085
0.6613756613756614	665.4028436018957
0.6102292768959434	661.6113744075828
0.5590828924162257	657.8199052132701
0.5079365079365079	648.341232227488
0.4567901234567899	642.654028436019
0.4056437389770722	638.8625592417061
0.3615520282186948	631.2796208530805
0.3156966490299824	623.6966824644549
0.257495590828924	616.1137440758293
0.2151675485008818	608.5308056872037
0.2098765432098764	600.9478672985781
0.2028218694885361	498.57819905213273
0.1957671957671957	458.7677725118482
0.1922398589065255	439.8104265402842
0.1922398589065255	439.8104265402842
0.1887125220458553	426.5402843601895
0.18342151675485	418.9573459715639
0.1657848324514991	394.3127962085308
0.1410934744268077	369.6682464454975
0.1181657848324515	345.02369668246445
0.0881834215167548	320.37914691943126
0.0723104056437389	297.6303317535545
0.0511463844797177	286.25592417061614
0.0299823633156965	259.7156398104265
0.0299823633156965	259.7156398104265
0.0229276895943562	246.4454976303317
0.0088183421516754	212.3222748815166
0.0088183421516754	128.909952606635
0.0070546737213403	68.24644549763025
