# Relative Pressure (p/p0)    Quantity Adsorbed
0.09787208143847304	 15.795356651865973
0.12460386361353	15.712538253774142
0.1526542149479075	16.094619663398248
0.1783089760418832	17.373092245033376
0.3527003538442521	19.831658201446658
0.484426055070779	22.00262752281037
0.5121821327400644	22.46554188371408
0.5954343882880382	23.10653984403814
0.6195673297672837	22.71969559139177
0.647334721553058	25.607762458844945
0.6743201355995421	24.757236611272106
0.7285727517945677	28.66126067318476
0.7543663026112171	30.16485921762649
0.7787139448226759	32.24340181323737
0.8078954846877329	33.070132017065134
0.8337688371103074	35.4649679365549
0.8614809129755621	38.60772750593105
0.8777679717401732	42.58133575593706
0.9010402116903826	41.72234889592551
0.915676748735116	46.46490545076051
0.945334808524561	50.3446108206706
0.9615877701497028	60.30508036288688
0.9638759616938088	53.65333333698925
0.9757392870662418	68.59618213900683
0.9987210072294844	117.58379216821017
0.9790462886532484	96.80696280035907
0.0253168001596475	12.266901299855704
0.0253168001596475	12.266901299855704
0.0503796159393337	15.206679789193004
0.073464981903613	15.601806917446083
0.2504830238654607	20.046170731928555
0.2754823435501574	20.01433197572635
0.3004816632348537	19.982493219524144
0.3504893734749594	20.34333245648247
0.3735838103099516	21.16297633409829
0.3928231270919693	21.56300173253635
0.4601380586522499	21.90179875366232
0.5005487876781296	23.123917164808745
0.5274711319539565	23.089629273513992
0.5486606859392431	24.760755784947836
0.6044374699527406	25.114247616628745
0.2235243961067823	18.38239162577213
0.1966020518309554	18.41667951706688
0.0099326034306033	12.286494380595514
