# Relative Pressure (p/p0)    Quantity Adsorbed
-0.00063198123418029	 76.808925243673
0.0015542117369846	290.9876174084684
0.001447970266923	185.91340125427087
-0.0007920035671965	160.06520268617533
0.0010067888972548	148.24953921872384
0.0007069117240409	125.5094989431027
0.0037154777397516	443.9738349656418
0.0032410817869581	381.90869839153856
0.0052240722650707	486.6450717791845
0.0068912887198206	517.7835838867845
0.0120411663819213	582.3923874507809
0.0029549149235286	344.9792906034072
0.0029028559020668	323.8953869113693
0.0120831093889853	606.7825714274545
0.0162940202071157	628.4872161705284
0.0192538953287796	653.2901563828882
0.022208865133878	680.3368811668201
0.026421110427234	705.7548167115124
0.0320467210345464	734.8406722258255
0.0384377392258992	764.479430584166
0.0442241520462508	791.576913735661
0.05173673224736	816.1070753501558
0.0589083906499663	838.642990507276
0.0661383182532994	861.8630606481497
0.0742220449618276	884.1417699209933
0.0817641391946228	909.8831203965764
0.0965103544885068	922.4710912790092
0.1126201477518215	932.0631811032728
0.1287232722975109	938.9544402893011
0.1448215566449238	943.8854191733832
0.1592723316140135	947.8690502498148
0.1770151136608222	952.5276469758924
0.1919725453478251	956.0609678154568
0.2092121125954948	962.5638518820068
0.2246732731926444	963.2859787334296
0.2418465175594077	964.667845737776
0.2577970087573069	967.9111185492784
0.2735792204744158	971.7458155723166
0.2886540966078021	972.2235141837468
0.303361928508816	973.1490428326288
0.331355053900485	976.6374275104172
0.3499506039757663	977.6559588848618
0.3635364028607306	980.3353927735744
0.3935225605626822	983.3728323119448
0.4066861481837101	984.2742155223914
0.4474552496672921	986.4768783565964
0.4595444784523268	985.8828054810024
0.4768907810353215	988.6086361274788
0.4943373366732826	986.8122843778252
0.5048836605756495	988.1515984845156
0.547094307555898	992.4949926635504
0.5573306456974125	992.3829151834608
0.5974007900257974	992.8320425595266
0.61290702132004	994.886050612096
0.6289930438318194	994.8509860645822
0.6450829385022201	996.3841457586254
0.6560519033961798	996.8552583908628
0.6845731481997859	998.8642633554578
0.7006542095083321	996.8199114984496
0.709433697266963	998.9447182068076
0.748921056625544	1000.270448514716
0.7650092841165381	1001.1284005492004
0.7810953066283175	1001.093336001686
0.7978059144719682	1000.1890640379828
0.8074213960269503	1002.456335836323
0.8504123669685644	1001.3176630578037
0.8600712085050579	1004.2239762468676
0.8987181020057851	1003.5960565561836
0.9083322877193236	1005.3385125699824
0.9495883861366294	1003.8291389931832
0.9595157710929236	1005.5041549109968
0.989894313510703	1002.9403795661774
1.0004578251534888	1003.7199502663508
