# Relative Pressure (p/p0)    Quantity Adsorbed
0.001724947839046198	 128.3649802695445
0.0006517317436661	85.90534608767666
0.0036722265275707	56.65837765938432
0.0051990700447093	225.7972432500501
0.0043858599105811	171.9383689902279
0.0043526676602085	30.11010044427894
0.0083191415797316	200.1991378758712
0.0107089836065572	251.2087194852884
0.0114060208643814	318.2556206359077
0.0126900368656364	378.7728253105297
0.013563517138599	345.251368356694
0.0152397257824142	436.8562681678395
0.0153337704918031	406.86845856588025
0.0171198296785181	502.34021075157216
0.0168827421758568	469.3318676801009
0.0192725842026825	568.4021553891607
0.0204923994038747	606.1267924321864
0.0221935022354694	648.8751120309071
0.021662426229508	622.3553789566204
0.0245377049180327	681.285081683227
0.0257922409600751	720.9244973768955
0.0295511177347241	755.0901489790049
0.0310368660847347	788.8319640233221
0.0343086736214603	817.8379258061459
0.0382038818269482	850.6900603509903
0.0417105454545453	880.4559527379724
0.0456936154992547	903.018512591234
0.0502116665205575	934.237835837951
0.0555419514333304	961.561452876852
0.0606342771982115	989.6378557674708
0.0646131982116243	1013.633527985503
0.0744615341457	1072.746227200737
0.0795497108792845	1095.9019852931642
0.0854735513281317	1120.073712400712
0.0931899788218683	1145.988897313001
0.1019710760059612	1169.6758066317925
0.1100423248882264	1193.4259323466297
0.1174028519883911	1216.8469750169606
0.1267792656821568	1236.591075526926
0.1359955035128803	1258.6357141093013
0.1469614244254451	1277.8354329079184
0.1682394038748136	1294.8063856145943
0.178552710240579	1299.020201049454
0.1907751949172482	1305.963478057446
0.2003252459016391	1308.0203626066204
0.2120531743666169	1315.0743408887502
0.2230066169895677	1319.0497878328952
0.234408154992548	1320.8583904314264
0.2449135022354693	1322.4936701107872
0.2550134298488395	1325.5148734521165
0.266820387481371	1330.444563999078
0.2777738301043218	1332.4481933636737
0.2887272727272727	1335.6724717060856
0.2996807153502234	1335.8920756415655
0.3097806429635936	1338.262713318893
0.3215876005961251	1342.6223205520396
0.3325410432190758	1344.5320538414185
0.3442689716840537	1345.2480470464247
0.3536734426229506	1345.9980754408089
0.3654013710879285	1349.6039811830392
0.3763548137108792	1351.7954026980678
0.3873082563338299	1352.5783830848477
0.3991403173489962	1352.2075373515827
0.4087670461997017	1353.128111254176
0.4201685842026825	1356.523557523868
0.4311220268256333	1358.996667264547
0.4420754694485842	1359.4979594256763
0.4530289120715349	1358.0274340072565
0.4631288396849051	1360.2639344342742
0.4749357973174366	1362.4102770373142
0.4858892399403873	1362.348192747144
0.4976961975729188	1363.9043314488215
0.5075590376836279	1362.8155718839685
0.51874956780924	1366.2933671861642
0.5299519523099849	1366.4020146939629
0.5406564530551414	1370.3006259153558
0.5522388014746253	1368.3323459791343
0.5616298062593144	1367.9223742998447
0.573516780923994	1370.3960612704946
0.5844702235469448	1373.1508592368232
0.5954236661698955	1373.0887749466528
0.6063771087928465	1370.7262368136744
0.6166411739080591	1371.7767558914395
0.6282839940387481	1374.8743396556906
0.6392374366616989	1375.9390082681198
0.6511244113263785	1373.9995797035867
0.6606962265275707	1374.1648085758366
0.6720977645305513	1375.752755397608
0.6830512071535022	1377.9441769126363
0.6940046497764529	1379.7600141267994
0.705195179902065	1376.1061789542068
0.7149780029806259	1376.8653340975966
0.7268649776453053	1379.5737612562875
0.7378184202682563	1379.5116769661172
0.7496253779007878	1378.4856735993371
0.759725305514158	1379.2466642729514
0.7702638450074515	1381.8238464394394
0.7816321907600596	1382.3619102875846
0.7925856333830104	1382.2998259974138
0.8044176943981767	1381.1391485726203
0.8137456929955289	1381.8571226782997
0.8172308792846497	1376.4794237939227
0.8274374962742175	1382.1022850741438
0.8383909388971684	1382.0402007839734
0.8500337590278573	1383.1659669686746
0.8602978241430699	1382.2446684668907
0.8712512667660208	1385.515894846911
0.8822047093889716	1385.9232909328234
0.8931581520119225	1385.8612066426526
0.9049902130270886	1384.0929663782226
0.9144361314612912	1383.7292499414366
0.9260184798807748	1385.6749537721407
0.9369719225037256	1385.7067655571873
0.9479253651266766	1388.5554595987328
0.9591158952522884	1385.0447041598031
0.967297569435036	1384.5959185471102
