# Relative Pressure (p/p0)    Quantity Adsorbed
0.9079298390778359	 60.85723705901747
0.8003194824875088	52.28486646884272
0.7062421536178953	45.69073524563138
0.6156521056836339	40.74513682822288
0.5216490796748585	34.97527200791295
0.427660914238251	29.37026046818332
0.3052048460523979	22.77612924497197
0.2028551320094345	17.00626442466205
0.1005054179664713	11.236399604352115
0.0652115590681984	8.598747115067582
0.0517974159248268	7.939333992746455
0.0299622818864287	6.4556544675239
0.0147896377032134	4.807121661721055
