# Relative Pressure (p/p0)    Quantity Adsorbed
-0.003762265435099721	 85.16468097772795
-0.0035414876033058	81.03460220759209
-0.0037226776859504	76.7390920661157
-0.003942077922078	67.33342030816638
-0.0032750315994166	62.66327275281594
-0.0041885950413224	58.55737474436194
-0.0037622654350997	49.5039952530837
-0.0042461157024793	44.806708096372034
-0.0039585123966943	34.996476467292354
-0.0042975815571988	29.58030638302577
-0.0037226776859504	24.60253638044543
-0.0037226776859504	19.68939838352713
-0.003942077922078	14.771500308166395
-0.003826214876033	9.871291298501204
-0.003383305785124	5.454849572769291
-0.0027268935342733	89.02500265731727
-0.0006223140495867	103.63890044824204
0.0034041322314048	116.80567551477796
0.0131251239669419	118.24724565065132
0.0250236835891379	124.4499227762992
0.054655041322314	130.6075485502171
0.0726014876033056	134.3560744950273
0.0835790845518116	135.5688731873673
0.0938611239669421	137.53601162907967
0.1060209917355371	138.52692005883176
0.1178702479338841	139.57286341224258
0.1293743801652892	140.1778039809497
0.1409113813459267	140.58879899345646
0.1534985454545453	141.55437771956855
0.1649221487603304	142.2034067376383
0.1759661157024791	142.8679751085586
0.1869669421487602	143.234393662978
0.1988737190082642	143.49622868749125
0.2110393388429751	144.11734214876032
0.2230755371900824	144.69123870289954
0.2340948524203067	144.79280166690012
0.2460262809917354	145.05339950973524
0.2574153719008264	145.56369226782462
0.2690016765053128	146.11562088527802
0.2840145690672963	145.00255222019888
0.2969895867768594	146.73732173973946
0.3086087603305784	146.79048447961898
0.3201786304604485	146.87593483401037
0.3325373553719005	147.1486334640706
0.3446281983471074	147.3810822552178
0.3577774214876029	147.63812649110517
0.3805260212514757	147.4624817901667
0.4112913577331757	148.31675135172992
0.4256057851239666	148.3305660596722
0.4369833719008261	148.29919390110658
0.4483839669421484	148.2718689872531
0.4593128925619832	148.26853148900403
0.4705294214876031	148.86843786244572
0.4836009917355369	148.49314406499508
0.4953783471074379	148.61722856142316
0.5067674380165287	148.2199616276789
0.5186742148760329	148.7371825381706
0.5301783471074378	148.80903071858802
0.5422289256198344	148.78536681608068
0.5529565289256196	148.57931854601483
0.5638854545454545	148.49276132511557
0.5751019834710741	148.80640329177754
0.5864335537190078	148.39576524163047
0.5985128925619833	148.4562048326096
0.611972727272727	148.23888397534668
0.6246272727272725	148.28216681047763
0.6361314049586774	148.2417112620815
0.649441685950413	148.38035067936684
0.66341920661157	147.79732808236446
0.6738764628099171	148.31324688107577
0.6843337190082642	148.27831975066533
0.7076871074380163	148.00308176215154
0.718961157024793	147.78019407480036
0.7311842975206609	147.2982188681888
0.7504824793388428	147.47082651071577
0.7714528689492323	147.25116647989913
0.7813998347107435	146.83281334920855
0.7964644958677684	146.20938053789044
0.8084489256198345	147.21763754027174
0.86583441322314	146.78182420787223
0.8769128925619832	146.67229999439695
0.888301983471074	146.27476648790346
0.8990439669421485	146.4630473847878
0.9102173553719004	146.58974224681327
0.9222391735537186	146.27032221599663
0.95778694214876	146.2972789326236
0.967818545454545	142.9620243143297
0.96846935064935	145.88599645608627
0.976308595041322	143.8480394312929
