# Relative Pressure (p/p0)    Quantity Adsorbed
-0.0044020037225425135	 11.17366302622031
0.0014146772866203	119.61616111010515
-0.0019333137433574	278.27145169360665
0.0145491113929741	462.30827915428745
0.019863346849938	582.8309387601457
0.0243904189014532	683.2366315237523
0.0325709175208579	793.5383449473375
0.0422445556940958	874.2298302613453
0.0554604291918525	953.297923422144
0.0704791892785461	1034.8455813101043
0.0872992475078424	1118.708240885042
0.1075191103737214	1186.1916890365392
0.1349180446925215	1260.2289961639508
0.1548812852284626	1301.1263709338982
0.246073989255652	1349.4167279297271
0.9826059996648232	1403.5574828221888
0.9591436232612708	1403.4108429696662
0.9239500586559416	1403.1908831908822
0.8934489693313226	1403.000251382604
0.8676403552874143	1402.8389475448294
0.8394436065024307	1398.322440087144
0.7924769565946042	1393.6886207474415
0.7455941008882192	1397.735880677055
0.7150930115636003	1397.545248868777
0.6751231774761188	1388.6148818501752
0.6329327970504446	1392.6914697502907
0.5860080442433389	1392.3981900452472
0.5154952237305181	1378.93665158371
0.5508144796380092	1392.1782302664633
0.4591436232612709	1374.2441763029965
0.4215619239148653	1369.6690129043036
0.3745952740070388	1365.035193564603
0.3135511982570811	1360.3133903133876
