# Relative Pressure (p/p0)    Quantity Adsorbed
-0.007574020851116359	 106.27048092243331
-0.0068940750743848	92.29592414878198
-0.0089132109484171	81.78996436035914
-0.0066495260336543	69.38198923804691
-0.0084079630122837	58.32884012162981
-0.0064649655967548	45.91014870379877
-0.0065802730510129	33.54121565778905
-0.0065631716483374	21.950282726258138
-0.0062780234148622	10.145273648789953
-0.0064463607627252	117.00131573135798
0.001620344958259	140.240389957709
0.0153464156231015	140.1775772963847
0.0249520572685029	156.19475474540968
0.0556887356254485	166.60400389590836
0.0732861220545955	169.55884385321713
0.0913783986692722	173.27755455399608
0.1283913602390238	179.36296112026616
0.1469018392635954	182.18806020795864
0.1654172330881598	184.74567130604248
0.1839381262745063	187.0039796391268
0.2385683819145614	194.01318042912465
0.2890881814580341	199.7219630028852
0.3396124159086335	205.1893757563037
0.3884568113487769	210.24039756284503
0.4372916598516045	215.8110114328225
0.487806873877858	221.76936078125084
0.5369386263007299	227.8574851377415
0.5871345652068889	234.51587656238732
0.6362521489475688	241.37513144717013
0.6860837348447848	248.40175683807217
0.7352397893097535	255.95241476394332
0.7857209746657965	263.762774488573
0.8034854601726031	265.85983768974006
0.8215056751678875	267.8150678441212
0.8405002487525466	271.8458092263046
0.8590117522878504	274.6151493174066
0.8775211251033523	277.5004538337132
0.8960242324937124	280.72675411335365
0.9145103846501336	284.8758430001451
0.9330222649935592	287.62467530920094
0.9508909277621274	288.6439724935001
0.974881469917523	298.41343389587416
