# Relative Pressure (p/p0)    Quantity Adsorbed
0.1470862852845083	 1.8636216681623665
0.1762838502691668	2.106030033381259
0.2036693002435421	2.1114891679682444
0.2362221094269263	2.187891154963338
0.2630360940160092	2.167691321102538
0.2869783515438198	2.5374397842762875
0.3038967323052248	2.4309883863113413
0.3514768366958321	2.84446344710841
0.4026607986249915	2.7439615044840053
0.4762715253866947	2.6316504282178954
0.4964736612228746	2.322530816812531
0.5500912715118802	2.181442746461613
0.6183891542212687	2.558713489646621
0.6500695147398967	2.448391320099134
0.6988449198407287	2.632365191569889
0.7403092511704004	2.839646563649296
0.7732424617834712	3.0592032193825816
0.840412952056012	4.326043569130249
0.873343232882251	4.517122696847181
0.9002231062845021	5.137362126982879
0.9271499937966864	6.214578705674995
0.9479941595319477	7.406860076246275
0.9612492625588538	8.882352501085322
0.9739325631255028	10.723837058576777
0.9879388993713208	16.53936034805656
0.985188786947655	13.50391577545868
0.0301993031602605	0.7813872968825564
0.0900525471372302	1.3049187530328084
