# Relative Pressure (p/p0)    Quantity Adsorbed
0.9830866807610992	 774.9054666263969
0.8985200845665962	759.2920567804289
0.8562367864693445	754.9139232860164
0.8118393234672303	752.8311688311688
0.7632135306553911	746.1963153125944
0.7103594080338267	739.5807913017215
0.6617336152219873	739.8030806402899
0.6152219873150107	735.444276653579
0.562367864693446	731.1144669284204
0.5095137420718816	731.3560857746904
0.4587737843551795	715.5880398671095
0.4101479915433403	713.5246149199637
0.3657505285412262	706.8704318936877
0.3150105708245243	697.9595288432497
0.2621564482029599	689.0582905466626
0.2198731501057083	677.8230141951071
0.2071881606765327	675.5952884324977
0.200845665961945	671.0528541226215
0.200845665961945	655.0528541226215
0.1923890063424947	554.5200845665961
0.1902748414376321	508.8154636061612
0.1839323467230444	495.1301721534279
0.160676532769556	458.665055874358
0.1437632135306554	438.170945333736
0.1247357293868922	419.9722138326788
0.0972515856236786	390.38356991845353
0.0761099365750529	367.62307459981866
0.0549682875264271	349.43400785261247
0.0359408033826639	326.6638477801268
0.0232558139534884	301.5789791603745
0.0147991543340381	274.1890667472062
