# Relative Pressure (p/p0)    Quantity Adsorbed
1	 368.59646912736
0.9861878453038676	367.31153382403227
0.9337016574585636	362.1681933521695
0.8897329650092085	361.2120903093965
0.8379373848987111	358.56513558207007
0.7918968692449357	357.7203096162191
0.7362645794966238	354.1735402507084
0.6825506445672191	353.3387122252816
0.6326734192756294	350.6892580128492
0.5827961939840394	348.03980380041685
0.536755678330264	345.3853506177727
0.4849600982197668	342.7383958904463
0.435082872928177	340.08894167801395
0.3890423572744017	335.62486127857665
0.3372467771639045	333.8827201596471
0.2873695518723143	329.4236387304213
0.1876151012891345	321.4102894803668
0.2317372621240025	324.972055756514
0.2317372621240025	324.972055756514
0.1319828115408228	315.14907928966613
0.1051258440761204	313.3744448643579
0.0437384898710866	295.3581562198185
0.0226365868631064	265.5268014788951
