# Relative Pressure (p/p0)    Quantity Adsorbed
-0.0027984761298649463	 99.35315271235163
-0.0012703066302494	151.31931027226642
0.0002652453307168	76.22908093043816
0.0062920183243695	197.31335427927704
0.0030152121838896	179.3652660599589
0.0028491068034967	141.92390771581177
0.0028491068034967	131.72852021443236
0.0024504538905535	120.78271147034228
0.0028491068034967	110.99213885569476
0.0028491068034967	88.00931618309392
0.0024504538905535	65.99258383581105
0.0024504538905535	55.4400697665867
0.0024504538905535	45.02579823975407
0.0024504538905535	18.99011942267248
0.0093825850989542	205.52262153337688
0.0035135283250686	7.773719655683863
0.0045101606074265	0.5776059180134325
0.0048423713682125	99.36476222818555
0.0068356359329284	192.45611146230132
0.020883405246164	204.1317122325053
0.0736469111576639	211.5002570482989
0.0867138677485791	212.1833579831673
0.1039360954426583	213.83911733756892
0.1119091537015218	213.97824016193024
0.1326458052235238	215.410204523094
0.1410487832904633	216.03771724002863
0.174491333209585	217.85963725823137
0.1855650252357843	218.8899073685186
0.2076657832164935	219.07603563856856
0.2228934343568269	219.82379955411807
0.2331080763349331	220.85060575292076
0.2347322178321089	218.71951539766383
0.2692821369538506	223.3286717916652
0.2737797595614146	221.21645434163577
0.2812417243421459	222.3631172901552
0.3053507338391853	224.3035649366816
0.3166775388259834	223.4084202350477
0.333679915198517	224.8507529196637
0.3490127195424853	225.42218411968
0.3640729406981163	225.6539685092315
0.3792808110807631	226.2657006897109
0.3919786446041383	227.00811434329543
0.4139931443522223	228.0825006137511
0.4274144590879759	228.1750195245509
0.4433605756057029	228.9863866661184
0.4595724607320587	229.9021582647661
0.4704485299467132	230.16223889758987
0.487212396029452	230.73298284662417
0.5034076706177683	231.79830476433267
0.5146348842834217	232.2062006379591
0.5300306718640889	232.608068493749
0.5465207592181905	233.3765526390304
0.5619598172062968	234.53524812217904
0.5729738816600473	234.7938174570837
0.5895333103515329	235.51044745222828
0.6053963741790634	236.40002660300215
0.617660488098079	237.12149103410437
0.631724076971352	237.45660417384877
0.6491749128173449	238.32152623641215
0.664280731528378	239.3255129631898
0.6759966976920967	239.84892351936355
0.6910149553832073	240.5638425179724
0.7080850932720147	241.4633223788927
0.719907577806652	242.3338659636405
0.7348755181953982	242.6582254172439
0.751356863161058	243.44629572444435
0.7645317172640232	245.34954646915423
0.7783120751681646	244.73146487468927
0.7941751389956951	245.19081897042133
0.8098259570593901	246.07570222088052
0.8231439173362324	246.9434986454711
0.8372576292365713	247.0683173914167
0.8546886068065561	247.30818857244824
0.8622119028046634	249.77371999784464
0.8749023538666877	248.2485421811557
0.8915895559277068	248.6140677381184
0.9033301032539448	249.72228091230363
0.9182471157608162	249.7062061980721
0.9342351957430634	249.4881259083303
0.9493175642827464	251.2654534785352
0.9601783006930574	251.33140102410076
0.9788843219926988	250.9156370783527
0.9966908187708272	253.97172092338965
1.0054611828555768	254.54469518177743
