# Relative Pressure (p/p0)    Quantity Adsorbed
0.9777544019030087	 309.5598694669901
0.9520781285487168	306.9910467743284
0.8910312346844851	304.46824533511824
0.8910312346844851	304.46824533511824
0.8653071470408931	304.5017153376285
0.8460140813081987	304.5268178395112
0.8170983898538078	303.26332524474924
0.7945898131656643	303.2926114969457
0.74318945216778	300.7572588067943
0.6950285092699953	296.9165760187432
0.64681975208291	295.6781859258638
0.5922038801295766	293.1470169860261
0.540851333420993	288.0093716007028
0.4926664833785574	285.4698351602375
0.4445533547700728	279.0268596770143
0.3964163190169381	273.8850305413772
0.3515187013639025	267.4378713078403
0.293782947033721	259.70630072797246
0.2425021217590877	250.66521629989109
0.1912930179184047	237.72069282905196
0.1368923102669232	223.47920676094043
