# Relative Pressure (p/p0)    Quantity Adsorbed
0.0075938951981697755	 84.09932337052783
0.0075938951981697	73.6888149134204
0.0084636833718639	165.43694315627351
0.0084636833718639	154.53725478535137
0.0075938951981697	145.78348570670937
0.0085258110985564	132.6887438870831
0.007014036415707	126.24743585443218
0.0084636833718639	112.43453696041696
0.0075938951981697	104.40741377316976
0.0093334715455581	200.26149128662476
0.0106381538060994	221.62570097408627
0.0097683656324052	64.64091937045464
0.0139723418052606	238.84004044109903
0.0233012463348826	287.44562405134184
0.021945400064124	276.4808940415264
0.0206407178035826	265.8293852294984
0.0319479640616072	311.5136422427987
0.0297734936273718	297.17232632402204
0.0345573285826898	308.5523862777302
0.039776057624855	315.8633783461713
0.0490761004051237	331.74197126449167
0.0526054331868444	336.7983844520889
0.0602160797066686	341.112782304519
0.066180341469143	356.4000372391358
0.0672365128229146	348.70436448763814
0.0763071609200112	357.5169872603915
0.0859291925915033	369.9114687355338
0.0892090188298084	376.0088495070679
0.0971820770886719	377.06949405716136
0.1059886823473256	388.80339212362514
0.1186368520397953	405.5546011423172
0.1302340276890513	426.72926288302665
0.1362645590266644	417.8698601016136
0.1405472303199968	424.6731546435298
0.1483972513161948	446.01674985239663
0.1571974610735714	447.6787323237184
0.1613724443073035	470.3737423735608
0.1697659001834526	470.9936279794073
0.1777824478510007	482.0317410672488
0.1802468476764676	502.5419881894669
0.1871181742486517	516.8041285333468
0.2079128022782022	659.878474322898
0.2054707047135993	557.202956177105
0.2163430568847767	666.12876576699
0.2259107267954129	669.3335624206929
0.2354783967060491	674.8465283764735
0.2414645859014738	682.3974007140753
0.2506562003370127	683.9457055256673
0.2463507488772265	677.1477393731616
0.2593975714826394	679.1569003522138
0.2728792881748995	684.8058514761789
0.2824469580855355	690.9599755714255
0.2920146279961717	692.3267855586591
0.3013752054844998	694.4272944134989
0.3104976266871734	688.4915167344814
0.3470183753612141	701.7863413909979
0.3541649465892297	703.1845734845733
0.3568138469363893	697.0957098595711
0.3974660894354775	709.4592694775996
0.4037824083158758	711.309726066355
0.4072615610106527	704.152922590019
0.4185688072686773	708.8030586774951
0.4472283275919007	715.442673680207
0.4555348046506804	710.4103167731901
0.49749172941031	720.6894063514094
0.5031991965691225	720.8916894959788
0.5470696553108791	725.9258388372186
0.5536759035825087	728.7689771738378
0.5975173693851425	730.1059816307295
0.6033987941786938	738.28490159122
0.6186200872183423	733.2784008634362
0.696857533442135	739.0566273611028
0.7021197518929849	744.1810713652395
0.746435459342704	744.0725218011625
0.7966988611611132	747.8684051967732
0.99654304868847	780.4574235940404
