# Relative Pressure (p/p0)    Quantity Adsorbed
1.0031249999999998	 184.63296979865774
1.0031249999999998	184.6329697986577
0.9687499999999996	184.60989932885903
0.9343749999999998	183.2445469798658
0.909375	183.8989093959732
0.8812499999999998	183.880033557047
0.853125	183.8611577181208
0.8312499999999997	183.17533557046983
0.7843749999999999	183.8150167785235
0.7843749999999999	183.8150167785235
0.7343749999999999	183.78145973154363
0.6843749999999998	184.41904362416108
0.6249999999999999	184.3791946308725
0.5812499999999999	184.34983221476512
0.5343749999999999	184.31837248322148
0.4874999999999999	184.95805369127515
0.428125	184.2470637583893
0.3781249999999999	184.2135067114094
0.334375	184.184144295302
0.2843750000000001	183.47944630872485
0.228125	184.1128355704698
0.2062500000000001	184.09815436241607
0.1406250000000001	183.3829697986577
0.025	175.25167785234902
-0.003125	150.40058724832218
