# Relative Pressure (p/p0)    Quantity Adsorbed
0.9680585974898039	 4.273728180041701
0.968058597489804	4.273728180041701
0.9913375913126736	5.54554813833623
0.9487468688113948	4.063725425907222
0.925599024249498	4.066676284279126
0.906298224676171	3.9629044315335302
0.8870192833130051	4.07159438156566
0.8561554905638107	4.075528859394865
0.8137068464285879	3.974707865021173
0.7867010277730428	3.978150533121735
0.7674111573047964	3.9806095817649942
0.7211154681810048	3.9865112985088302
0.6806067401976859	3.9916753006596792
0.624677044944852	4.105037443114
0.5957094519272386	3.790033311912282
0.5957094519272386	3.790033311912282
0.5282058343934568	3.9048708835525616
0.5031290027847368	3.908067646788808
0.4626312039064997	4.019462550328527
0.4355925979357113	3.7042125142624656
0.3970128569992179	3.7091306115489857
0.3719469544955784	3.8185582761741017
0.3275802524186111	3.824214088053608
0.2928256982605242	3.5099476714448485
0.271617769850534	3.618883526341307
0.2484699252886377	3.6218343847132246
0.2233821645748368	3.518800246560588
0.180955378649775	3.630441054964635
0.1751684175093006	3.631178769557607
0.1616436499713662	3.420438300830156
0.1230420508247105	3.2128945953389376
0.0979433610058273	3.003629555797445
0.0709156841401204	2.794610421120268
0.0516039554617115	2.584607666985775
0.0516039554617115	2.584607666985775
0.0322812976782214	2.268374011462427
0.0110187237428251	1.8461553594145383
