# Relative Pressure (p/p0)    Quantity Adsorbed
0.9546382363217827	 372.4528301886793
0.9069642269905868	369.30817610062894
0.8474131965854126	373.5010482180294
0.7486610384894699	367.2117400419288
0.7486610384894699	367.2117400419288
0.7078113652868556	367.2117400419288
0.8014359045504997	369.30817610062894
0.3503285529795428	357.7777777777778
0.4473625840972309	360.9224318658281
0.5018448722955291	364.06708595387846
0.5546090335155727	364.06708595387846
0.6005809731299927	367.2117400419288
0.6465422079034271	368.2599580712789
0.2532891694413616	353.5849056603774
0.1460106055000617	344.1509433962264
0.0812784320576589	333.6687631027254
0.0488962880749784	325.2830188679245
0.042066599525904	321.0901467505242
0.0266516285060495	302.2222222222223
0.009133156232444	204.73794549266245
0.0021696571710445	174.33962264150944
-0.0049437096641591	114.59119496855352
-0.0049437096641591	114.59119496855352
-0.0053290839396554	39.11949685534592
