# Relative Pressure (p/p0)    Quantity Adsorbed
0.9900744011119287	 488.41059602649
0.9924045458261792	460.2649006622514
0.9823808355817184	430.4635761589405
0.9797481808519336	397.3509933774833
0.9720791431608208	344.3708609271523
0.9669037691112744	296.35761589403955
0.9543291636006868	250.0
0.9543291636006868	250.0
0.9593573706156486	268.2119205298011
0.9419017251246832	233.44370860927145
0.9369062218951842	221.85430463576157
0.9269642711143816	208.60927152317868
0.9170223203335786	195.36423841059585
0.9070967214455072	185.4304635761589
0.8971711225574361	175.49668874172175
0.879846292208323	167.21854304635735
0.8674842613032459	163.90728476821187
0.8427520235467254	155.6291390728475
0.8205052734854059	150.66225165562923
0.7686043659553594	140.7284768211921
0.7686043659553594	140.7284768211921
0.7414275202354672	137.41721854304637
0.7019131714495952	135.7615894039734
0.6549668874172185	129.13907284768197
0.6006131959774341	122.51655629139076
0.5462840323767477	120.8609271523178
0.5265227700106287	119.20529801324506
0.4993622761834684	119.20529801324506
0.4919548687760608	119.20529801324506
0.4697244706074728	117.54966887417208
0.4400784890851116	114.2384105960266
0.4252636742702967	114.2384105960266
0.4005559643528738	110.92715231788088
0.3709263347232442	110.92715231788088
0.3585806557108985	110.92715231788088
0.3067042760199493	105.9602649006622
0.2696590630365464	104.30463576158922
0.2597825198266698	104.30463576158922
0.2375602976044476	104.30463576158922
0.2178072111846946	104.30463576158922
0.2005232605674106	104.30463576158922
0.1906385414111684	102.64900662251648
0.1857002698062301	102.64900662251648
0.1708772790450494	100.99337748344374
0.1585316000327037	100.99337748344374
0.1313711062055432	100.99337748344374
0.0968032049709753	100.99337748344374
0.0770255907121248	96.02649006622504
0.0523342326874336	96.02649006622504
0.0300711307333824	87.7483443708611
0.0078407325647943	86.09271523178813
0.8056741067778594	147.35099337748352
