# Relative Pressure (p/p0)    Quantity Adsorbed
0.9921102117570109	 400.662251655629
0.990058049219197	485.09933774834417
0.982012917995258	355.9602649006622
0.9768620717848092	312.91390728476813
0.9692584416646226	273.1788079470198
0.95921837952743	240.06622516556288
0.95921837952743	240.06622516556288
0.9467500613195978	215.2317880794701
0.9467337094268662	211.9205298013244
0.9442400457852996	206.9536423841057
0.9442400457852996	206.9536423841057
0.9367754067533316	195.36423841059585
0.9268825116507236	192.05298013245036
0.919442400457853	185.4304635761589
0.9021093941623743	175.49668874172175
0.9021093941623743	175.49668874172175
0.8971465947183386	170.5298013245033
0.8897310113645653	168.87417218543033
0.8798381162619571	165.56291390728484
0.8674597334641485	158.9403973509934
0.8526367427029677	157.28476821192044
0.8279045049464475	149.00662251655626
0.8155506499877361	147.35099337748352
0.7784645572725042	137.41721854304637
0.7784645572725042	137.41721854304637
0.743872128198839	132.4503311258277
0.7068269152154361	130.79470198675494
0.6030823317799034	122.51655629139076
0.6030823317799034	122.51655629139076
0.4993377483443708	114.2384105960266
0.4993377483443708	114.2384105960266
0.4524241680974571	114.2384105960266
0.405494235957812	110.92715231788088
0.3536423841059601	110.92715231788088
0.2992968686125418	105.9602649006622
0.2894203254026652	105.9602649006622
0.2795356062464229	104.30463576158922
0.244967705011855	104.30463576158922
0.2252064426457363	102.64900662251648
0.2054533562259832	102.64900662251648
0.1807374703621943	97.68211920529802
0.1535769765350338	97.68211920529802
0.1436922573787915	96.02649006622504
0.1264001308151419	94.37086092715232
0.111585316000327	94.37086092715232
0.0992151091488838	89.40397350993362
0.076984710980296	87.7483443708611
0.0473387294579347	84.43708609271516
0.0127135965988063	72.84768211920527
0.0002861581228027	56.29139072847693
0.0002861581228027	56.29139072847693
0.0002125746055106	41.390728476821096
0.0001062873027553	19.86754966887429
0.8006949554410923	139.07284768211937
