# Relative Pressure (p/p0)    Quantity Adsorbed
0.9708017676767678	 144.71664473121038
0.9609375000000004	144.7224964154254
0.9471275252525254	144.73068877332645
0.9293718434343438	145.15318037365174
0.9293718434343438	145.15318037365174
0.9175347222222224	145.57216096344803
0.9076704545454548	145.57801264766306
0.8997790404040408	145.58269399503507
0.8780776515151517	145.59556770030815
0.864267676767677	145.19180148947095
0.8070549242424244	146.46161696413282
0.7991635101010103	146.46629831150486
0.7735164141414145	146.48151269046394
0.7537878787878788	146.493216058894
0.7537878787878788	146.493216058894
0.7241950757575758	145.68685397406264
0.7143308080808083	146.51662279575413
0.7005208333333336	146.52481515365517
0.6748737373737376	146.54002953261426
0.6748737373737376	146.54002953261426
0.6354166666666669	146.9753948382126
0.6354166666666669	146.9753948382126
0.6176609848484852	147.80984500727612
0.6058238636363639	146.58099132211947
0.5959595959595961	146.5868430063345
0.5722853535353537	146.60088704845057
0.558475378787879	146.6090794063516
0.5426925505050507	147.0304006698339
0.528882575757576	147.03859302773495
0.5150726010101011	147.046785385636
0.5052083333333334	147.05263706985102
0.4894255050505053	147.06199976459507
0.4637784090909093	146.66525557481592
0.4499684343434346	147.0854065014552
0.4420770202020202	147.09008784882724
0.4420770202020202	147.09008784882724
0.4203756313131314	147.1029615541003
0.4045928030303033	147.11232424884437
0.3828914141414142	146.71323938537918
0.3671085858585859	146.72260208012324
0.3473800505050505	146.3223468798151
0.3296243686868688	145.92092134266392
0.2941130050505051	144.70611169962334
0.2941130050505051	144.70611169962334
0.2605744949494951	143.49013171973974
0.2605744949494951	143.49013171973974
0.2743844696969698	145.1297736367916
0.248737373737374	143.49715374079778
0.2349273989898991	143.50534609869882
0.2171717171717174	143.10392056154765
0.2092803030303033	142.69664334018145
0.1994160353535355	142.70249502439648
0.1915246212121212	142.29521780303023
0.1737689393939395	140.6579165596644
0.1579861111111115	140.25532068567023
0.1422032828282829	139.85272481167607
0.1066919191919192	137.4020394624208
0.1205018939393941	138.62972281073442
0.0889362373737375	135.35277965031668
0.0731534090909092	133.71430807010782
0.0613162878787879	132.07349581621293
0.0455334595959596	130.4350242360041
0.0317234848484849	126.3236309065228
0.0179135101010102	120.97636187082688
0.0179135101010102	120.97636187082688
0.0080492424242426	115.21479359270668
