# Relative Pressure (p/p0)    Quantity Adsorbed
-0.0013003839773492176	 62.3955921679501
-9.19870474125e-05	279.5555037337763
-0.0004952590055899	181.48475235994877
-0.0002892743134409	146.25419774311695
0.000363583076444	115.39751423053872
0.0011957894399052	465.14318091111386
0.0008973103067932	372.6986311767546
0.0035977317567172	588.8109802918759
0.0053914421672567	630.1107959395908
0.0083905275355244	664.9352124055433
0.0011362502952425	233.3488299131493
0.0115913562379131	696.3637866777979
0.013946393224249	722.4652013198386
0.0206267897100509	749.5967508331735
0.0279939058158434	774.2330043482282
0.0347732904819239	800.4917308917347
0.0429811706876918	828.7402765407994
0.0509893776570393	858.4698857558881
0.0579396118820022	888.2122916884123
0.0641095849675852	919.2611687384248
0.0697910021488822	948.2429501455796
0.0759131072377852	972.0112005263264
0.081186257242045	1003.5436239687428
0.0870270722036146	1028.911465842998
0.0973793626408732	1056.2112848173424
0.1123043796693324	1070.0275316712175
0.128371307480808	1081.2140538368517
0.144513076363394	1089.36546602263
0.1605186472481644	1095.723145150958
0.176595830606089	1100.9286326274832
0.192013525352079	1106.9625631461656
0.2097557887129688	1115.317655159316
0.2238112050389713	1118.7397819971638
0.2405361873415699	1123.3738076354423
0.2569823714104431	1126.592144618973
0.2744371147664965	1127.9573816827176
0.2897498167730681	1134.812426326197
0.3014897638873859	1134.6157730577436
0.3286119914044261	1142.1543340455942
0.3439131498341421	1140.7072676762036
0.3588279332297128	1145.9130298026907
0.3717413121610149	1148.394036406252
0.3929378174135398	1153.0078928031808
0.4081445897542268	1154.1233316151902
0.4236427335645845	1155.8821806213125
0.4455664330273603	1162.8245018642488
0.4550731346681389	1162.0817724003025
0.4952769658413618	1168.754486722144
0.5047893650079451	1164.688960208693
0.5376885882640412	1167.127729154286
0.5515787763416977	1168.5044792898184
0.5815530797670083	1171.043980491645
0.5976439253170196	1168.281677543212
0.616158553737111	1173.396298979023
0.6268822152369267	1173.63612683191
0.6460873845759132	1174.0268707483217
0.6553920646128131	1177.3889731291802
0.6722071725212548	1178.6649910084789
0.697528282881891	1176.4673698425845
0.710590074447184	1181.233321690879
0.7233857678176905	1181.2771926395778
0.7456567826099261	1182.478196017585
0.75555152958515	1185.0425734936189
0.7966190898439578	1185.487968077552
0.806732910338646	1186.0302965671822
0.8213558635406739	1186.4865544336506
0.8468007352403182	1186.7362428045308
0.8622975243056508	1189.285179109091
0.8783839186636269	1189.1188113555831
0.8944667045885932	1191.0568817334288
0.9054334921756788	1191.648284911993
0.9324830656877308	1194.1777584684028
0.9485737806694424	1191.491602952354
0.957341180857634	1195.481352372598
0.9869262702252573	1195.3953460292146
0.9975536057989464	1197.14218114477
