# Relative Pressure (p/p0)    Quantity Adsorbed
0.9581119572217429	 386.07966457023065
0.9002362344308794	385.03144654088055
0.8474613683698498	382.9350104821803
0.7980906417423717	380.8385744234801
0.7504273372521617	379.79035639413
0.6976578236116251	378.7421383647799
0.6482924494046398	377.6939203354298
0.5972303579013718	377.6939203354298
0.5478542788534002	374.5492662473795
0.5001909743631905	373.5010482180294
0.4491181780189365	371.4046121593292
0.3997528038119511	370.35639412997904
0.3486746550472043	367.2117400419288
0.2958997889861745	365.11530398322856
0.2584435503761253	363.0188679245283
0.2039612621778271	359.874213836478
0.1818236510187584	357.7777777777778
0.1341389368465765	352.5366876310273
0.1051876943999123	349.39203354297695
0.098363358271331	346.24737945492666
