# Relative Pressure (p/p0)    Quantity Adsorbed
-0.0007014017328772493	 294.46491656036324
-0.0003956179779216	276.52015776223834
-0.0003563891409372	243.25410349650383
-0.0006187864727664	187.6975742657337
-0.0008140589057556	98.8488895104897
0.0009089331500311	341.5905958041958
0.00237347639745	399.9652932949407
0.00237347639745	372.4207884821062
0.0033049689776099	424.997711888112
0.0050441140839196	446.5312150395057
0.0086566540942197	464.1273051748253
0.0021150275890821	329.58401678321707
0.0035795708365009	414.1520951048951
0.0137398396154695	477.21926153846175
0.0109022870735954	439.2093034965037
0.0207879539936729	489.5521062937064
0.0323308672200401	500.7807991166728
0.0475158682590673	508.4962812460267
0.0636258439806755	514.6419412587413
0.0797358197022832	518.8893279084552
0.095845795423891	522.567232549269
0.1119557711454988	525.6281983471076
0.1280657468671066	527.9535832167833
0.1441757225887143	530.3501533375716
0.1602856983103221	531.9636856961222
0.1763956740319299	534.0043295613477
0.1925056497535376	535.3331209154483
0.2086156254751453	538.2736193652504
0.2233525919022979	538.4267132867135
0.2403779071535424	539.6338965034965
0.2578608921696054	541.1673454545455
0.2743108511450783	542.6821506493509
0.2879101812996821	543.1668883116886
0.3039024705103367	543.5164587412589
0.3219712728253673	546.1200593006995
0.3374954312480075	547.0786873490147
0.352028206549318	546.7063337278109
0.3741090124334797	548.7871333757155
0.3929650067439979	549.0956027972029
0.4050736410931933	548.9091652347654
0.4209743963508842	549.8786405594408
0.4482515143340609	549.7481342657345
0.461981607278613	551.7347300699303
0.492286386782896	552.4887664335665
0.5060155409176742	552.0711462937063
0.5205633371753685	553.0107916083919
0.5489754761752949	553.8460318881121
0.5644996345979351	555.0514354736174
0.580609610319543	555.0988923076925
0.5980118300829907	553.7170609625671
0.6122193354096673	555.4904111888113
0.6289395374843662	556.1429426573427
0.646304835989476	555.8073550449551
0.6569750796492421	556.2920927072928
0.70115982637271	556.2081958041958
0.7168121323294995	558.1361296884936
0.7263316634377223	558.2310433566436
0.7506918994531232	557.9874316083917
0.7666066027417416	559.2750937062938
0.7768584054736739	559.2750937062938
0.799741893714594	559.0793342657344
0.8149365299065651	561.1733670692945
0.8310465056281727	561.3631944055946
0.8485294906442357	559.9928783216785
0.8588728273291316	561.2587893706295
0.9006553846819646	560.2270219662691
0.9159900139784684	562.35978792117
0.932099989700076	562.4072447552448
0.9495022094635244	560.9947060468944
0.9643199411432916	562.5496152574701
0.9804299168648994	562.8818130959951
0.9952476485446669	562.5300742081449
