# Relative Pressure (p/p0)    Quantity Adsorbed
0.9047249090136702	 62.34091658424002
0.8262511809201349	62.17606330365974
0.721112632833701	62.5057698648203
0.6209375158512769	62.34091658424002
0.5274397492962033	62.17606330365974
0.4172931883892565	62.5057698648203
0.3087565228004768	62.17606330365974
0.2052278700322097	61.84635674249917
0.1016546355474396	61.02209033959775
0.059846892515661	60.19782393669634
0.0413950154074412	59.20870425321463
0.0363424208704252	58.71414441147378
0.029605628154404	58.05473128915265
0.0194707179360369	56.73590504451038
0.0057593633493114	52.77942631058357
0.0110051453245074	55.41707879986812
0.0110051453245074	55.41707879986812
0.005001474168759	44.37190900098911
0.0023513387988535	33.49159248269039
0.0013854016079534	22.77612924497197
0.0003303009840472	11.071546323771829
