# Relative Pressure (p/p0)    Quantity Adsorbed
0.953000395650923	 385.03144654088055
0.905342443581206	385.03144654088055
0.8525729299406697	383.98322851153046
0.8031968508926983	380.8385744234801
0.7538368291062059	380.8385744234801
0.7027693851824448	379.79035639413
0.6534040109754593	378.7421383647799
0.6023365670516987	377.6939203354298
0.5546572053000096	373.5010482180294
0.5035951137967416	373.5010482180294
0.4542297395897564	372.4528301886793
0.399747451391458	369.30817610062894
0.3554936387552925	369.30817610062894
0.3061068548663352	364.06708595387846
0.2567307758183638	360.9224318658281
0.1988443481865144	357.7777777777778
0.149457564297557	352.5366876310273
0.0881509399706773	346.24737945492666
0.0796298865458133	344.1509433962264
0.0728055504172319	341.0062893081761
0.0523378944519806	332.6205450733753
0.0386945746153108	327.3794549266248
0.0318541812252505	321.0901467505242
0.0267051527109796	312.70440251572325
0.0232581939134842	304.3186582809224
0.019789825434017	291.74004192872115
0.0163107521135638	277.0649895178197
0.0128156215316315	259.24528301886795
0.0127513924857154	246.66666666666669
0.0075541921870075	228.8469601677149
0.0075434873460216	226.7505241090147
0.005825360367767	223.6058700209644
0.005787893424316	216.26834381551367
0.005739721639879	206.83438155136264
0.0057076071169209	200.5450733752621
0.0039466607747221	189.0146750524109
0.0039091938312711	181.6771488469601
0.0021643047505516	173.29140461215934
0.0020840184431565	157.5681341719078
0.0002802527370137	137.65199161425585
0.0002802527370137	137.65199161425585
-0.0014967508666638	122.97693920335428
-0.0014967508666638	122.97693920335428
-0.00166802832244	89.43396226415098
-0.001710847686384	81.0482180293501
-0.001737609788849	75.80712788259962
-0.0017697243118071	69.51781970649893
-0.0018018388347651	63.22851153039835
-0.0018339533577231	56.93920335429766
-0.0001532933229196	52.74633123689728
-0.0018874775626532	46.4570230607967
-0.0019088872446252	42.2641509433962
-0.0019570590290622	32.83018867924534
-0.0019838211315272	27.589098532494745
-0.0020052308134993	23.39622641509436
-0.0020266404954714	19.203354297693863
-0.0020373453364573	17.10691823899367
-0.0020587550184293	12.914046121593287
-0.0020587550184293	12.914046121593287
-0.0020801647004013	8.721174004192903
-0.0021122792233594	2.4318658280922136
