# Relative Pressure (p/p0)    Quantity Adsorbed
0.9722222222222222	 253.08670917729432
0.9210809646856156	252.8804944291628
0.939922480620155	254.82325442471745
0.8860895779500432	250.87261398683015
0.8860895779500432	250.87261398683015
0.8484065460809646	252.5874524186603
0.8161068044788974	251.5238184546139
0.7676571920757967	250.3950640437888
0.7299741602067183	250.24311633463932
0.6869078380706287	249.1360687394072
0.6546080964685616	247.1390417048708
0.6088501291989664	246.0211407018421
0.5254091300602929	244.75129198966408
0.5604005167958656	245.8257793615071
0.485034453057709	238.05473937928932
0.4446597760551248	235.091759050874
0.4258182601205856	233.1489990553196
0.4015934539190352	231.18453224417223
0.3800602928509905	231.09770498180103
0.3639104220499568	231.0325845350227
0.3396856158484065	230.9349038648552
0.3208440999138674	229.92553693979065
0.3020025839793281	227.982776944236
0.2670111972437554	227.8416826428829
0.2320198105081825	225.8338022005504
0.1970284237726098	224.75931482870735
0.1647286821705426	222.7622877941709
0.1324289405684754	222.6320469006141
0.1001291989664082	221.5684129365676
0.0732127476313522	220.52648578811363
0.0166881998277347	211.8980265899811
-0.0021533161068044	205.28830124197725
-0.00484496124031	191.27655177683312
