# Relative Pressure (p/p0)    Quantity Adsorbed
0.95250347705146	 992.0259619842373
0.9022484932777004	1000.7417709782102
0.7984237366713025	998.1455725544736
0.7006413228249111	992.0414155462832
0.6005505331478902	992.8720445062586
0.500450084994591	990.2449389584295
0.4049953639313861	984.1214649976818
0.3025768814711791	984.9714109102148
0.2047461752433934	961.578581363004
0.174466852109411	954.9142327306442
0.1465248802348941	951.6883016535312
0.1115805130582598	941.6048524184824
0.0812528975428834	917.6518312471025
0.0530887807139544	834.8980064904961
0.022374826147427	672.635605006954
0.005559418946067	486.0531602534386
