# Relative Pressure (p/p0)    Quantity Adsorbed
0.017348715756898336	 0.6925153264677419
0.0440945667425034	1.2681172620160623
0.0708490732308937	2.2487967279313352
0.0975803880997805	2.14410840106234
0.1243171576309576	2.2946982693929385
0.151055304267929	2.509736688900261
0.1777932399968058	2.714904609578753
0.2045381356928057	3.2457989916083534
0.2312777897023359	3.5313824468628354
0.2580034059172145	3.159997112422729
0.2847489529470359	3.721373917305641
0.3029613321570301	3.017386269502481
0.3527936236068778	3.516844675963398
0.4055436734664903	4.0804631113271626
0.4309180759572069	3.84120891915029
0.4588197397450786	3.6703499144799703
0.4884777773931485	3.1015281779198176
0.5124982719712592	3.4099319244601247
0.5496385491388116	2.9913450748672403
0.6176842382031458	2.834477163770771
0.6687117044116722	2.398558631342325
0.7216890877465403	2.2274725796773964
0.7486473986141009	2.636053764937742
0.7756531752168021	2.7384955484086504
0.8023714443861731	2.023268484178629
0.8293606197924284	2.612542177177147
0.8560187924646927	0.9804509032317128
0.8790939683000323	1.7311597806034342
0.909313128226202	2.373175434515701
0.936352507864468	1.520703475921664
0.9654900190105886	1.2347155609737683
0.9870755837125378	2.004530912797009
