# Relative Pressure (p/p0)    Quantity Adsorbed
0.9529415190255	 373.5010482180294
0.9035761448185148	372.4528301886793
0.8524979960537675	369.30817610062894
0.7980264126964556	368.2599580712789
0.7503631082062456	367.2117400419288
0.7010030864197532	367.2117400419288
0.6533344295090504	365.11530398322856
0.6005649158685138	364.06708595387846
0.5529016113783041	363.0188679245283
0.5035308847508255	360.9224318658281
0.4490593013935134	359.874213836478
0.4030873617790933	356.7295597484277
0.3486157784217812	355.6813417190776
0.3009471215110783	353.5849056603774
0.20049289369836	347.29559748427675
0.0983258913278799	338.909853249476
