# Relative Pressure (p/p0)    Quantity Adsorbed
-0.0018182347107441599	 78.3039939188676
-0.0006178697520663	205.02473759765053
-0.0004472595041322	193.38300569389867
-0.0007153613223142	177.889763619738
0.0008445038016526	245.32779587600945
0.0004545375206609	148.6593320012198
0.002568885950413	296.56314570706337
0.0040965440377801	309.1546690387598
0.0056459636363633	319.9425305969923
0.0086438294214874	330.78361477749405
0.0021118942148758	258.84835246490724
0.0021118942148758	230.0214755542073
0.0021118942148758	220.412516583974
0.0072302016528923	79.54636437158467
0.0310343933884296	361.7137620750879
0.0459831008264459	368.0359209043665
0.0620692099173553	373.3924179742388
0.0781553190082644	377.6966943304285
0.0942414280991734	381.1075757410387
0.1103275371900825	384.00227340531393
0.1264136462809917	386.4403469862931
0.1424997553719007	388.4813561470146
0.1585858644628098	390.2841266555816
0.174671973553719	391.7096859649039
0.190758082644628	393.15509849523903
0.2054793097520658	395.112090131842
0.2220163173553716	395.6973585937743
0.2394734016528922	397.1457123420373
0.2564734942148757	398.0214783626619
0.2705793057851237	399.7113592081237
0.2860212741440374	400.0057622840502
0.3024468628099171	400.6561907447288
0.3150598347107435	401.64762016036536
0.3423949711379527	402.64883336775335
0.3558938039415128	402.8305101366803
0.3713612165289254	404.1852049479028
0.3978667371900822	404.7466711952516
0.407189368595041	406.1706250897883
0.4349744661157021	406.7517117117308
0.4510605752066113	405.7328431838423
0.4627595636363634	406.67102429991047
0.4932604977567884	407.6867669083881
0.5042909725619832	407.5269873453285
0.5241792528925616	409.2010599614332
0.5422761256198344	409.556542913236
0.5549865890909088	409.3594478148669
0.57097520661157	410.87912282986
0.5993452535537186	410.5169804704655
0.61484641322314	411.6879577600143
0.6282515041322311	411.66818623949945
0.6479935471074375	411.5225959520717
0.6593025692561979	412.8453466227364
0.6840654280991733	413.3329482668526
0.6999221452600871	412.2818646318657
0.7157501884297516	414.1200508645401
0.7318362975206608	414.136031481948
0.7485491381345922	414.11138127455285
0.7588902082644623	415.0788633988646
0.7996904304132227	414.4144863872359
0.8151915900826442	415.6807591376464
0.8479905397874846	415.8053897458884
0.8634499173553715	416.6022427144368
0.8795360264462805	416.53881044779314
0.896987017520661	415.7560020282802
0.906833666115702	416.2801630112393
0.9351062214876028	418.1642255153117
0.9511923305785118	417.1428753347967
0.959966571900826	418.16726477383713
0.9890419990277098	417.1994541311364
0.9994506578512392	417.2354869342993
