# Relative Pressure (p/p0)    Quantity Adsorbed
0.955055725120237	 454.21383647798746
0.9108126173250576	456.3102725366877
0.8461179108261057	453.16561844863736
0.8001620284731643	453.16561844863736
0.7542061461202232	453.16561844863736
0.7048407719132377	452.11740041928726
0.6452629794055991	451.0691823899371
0.5958976051986136	450.0209643605871
0.5482289482879106	447.9245283018868
0.5039644308107589	445.8280922431866
0.4580031960373248	444.7798742138365
0.4103452439676081	444.7798742138365
0.3524534639152658	440.5870020964361
0.3047848070045628	438.4905660377359
0.2468930269522206	434.29769392033546
0.206021944067634	430.1048218029351
0.163454143886765	426.96016771488473
0.1106578681437634	420.6708595387841
0.0850893554486785	413.33333333333337
0.0629196297666515	404.94758909853255
0.052680449363533	399.706498951782
