# Relative Pressure (p/p0)    Quantity Adsorbed
0.016897655650894072	 101.39518534162801
0.0270542609474815	101.89328429726788
0.037335657096069	103.88514523486204
0.04471251840351	105.5483531434663
0.0529534390917943	105.78705887723292
0.0652270107447144	107.95497866289712
0.07008234984049	109.36770785994024
0.0778292993457387	109.28834131207569
0.091146907775545	111.76504078365689
0.0995380865911215	111.9257330966561
0.115648680987803	114.1692940078326
0.1238556391876964	114.48477211633028
0.1382836403185564	116.3895135244363
0.1449542212190732	117.91003003007904
0.1537597978047103	118.49647999735164
0.1669948459357788	119.84838304636988
0.1752027589522551	120.23106114596902
0.1912667995890591	122.47822661877508
0.199891373917611	122.66500422589392
0.2164708606740357	125.10862759761778
0.2250954350025876	125.29540520473664
0.242148693771071	126.79158542977106
0.25028401257541	126.83607659815075
0.2673164389820855	126.86607519915398
0.275450913231216	126.85112657196488
0.292024722699851	128.8951824290316
0.3006487809113309	129.04563571663616
0.3172256870823968	131.3076374907886
0.3258497452938769	131.45809077839317
0.3340165237797295	132.22577879452183
0.3463901725179401	133.8677588079624
0.3545268989142931	134.01131630229017
0.36872216120221	136.2114384908082
0.3767177277748168	136.28327960512595
0.3928257415861393	138.34521891873104
0.4014495417390835	138.47751004657846
0.4177497387800559	140.64688522824707
0.4266505061216292	140.88996510833545
0.4348165104318742	141.6031666451927
0.4471909333456925	143.29963313790466
0.4553273782236426	143.42337736704283
0.4695229220299624	145.6433128207505
0.4775184886025692	145.71515393506823
0.4936290829992507	147.95871484624476
0.5022533992692668	148.12733029360646
0.5104186294039039	148.78604535119226
0.5227907297908991	150.31905240608995
0.5309271746688493	150.44279663522812
0.5451196217727383	152.4447861718501
0.5531151883453449	152.51662728616782
0.5692203635127724	154.3787828424443
0.5778439056071807	154.49291181053462
0.5944151344904565	156.3553460700299
0.6030386765848648	156.46947503812018
0.6216932120285188	157.35240683521425
0.6303126251863524	157.17594124719022
0.6421744148185913	155.5938592005191
0.6494031935361775	154.12403261696753
0.6568174185916356	154.44107301184158
0.6738757446913695	156.29389201028897
0.6820119080509168	156.39782297423753
0.6965275599364908	158.20949524293053
0.7046631602592326	158.2737996764999
0.7242652866467376	160.24701846546012
0.7324017315246876	160.37076269459828
0.7465941786285768	162.3727522312202
0.7550557989170317	162.44487204875674
0.77069750095397	164.48837049938592
0.7793215591654501	164.63882378699046
0.7958927880487259	166.50125804648576
0.8045163301431342	166.61538701457604
0.8210903976703048	168.67760503139988
0.829714197823249	168.8098961592473
0.846427410512981	170.82497617166825
0.854912065503364	171.00440530391862
0.860504710093543	171.00774974254395
0.8754432026201346	172.76023558223065
0.8829000620737069	172.76469483373114
0.8971100553534324	174.26853095172987
0.905301607458732	174.95753175908973
